$coord
          1.458972093019          4.278852524766          1.167230256833     o 
          3.510958753027         -2.075603698466          0.561748118957     o 
          4.276814450606          1.352913766929         -1.823258910634     o 
          1.230825714809          1.663088173706          1.506310772878     c 
         -1.328960357064          0.616385030982          0.712028540871     c 
         -2.090556633140         -1.743755353168          1.573943451009     c 
         -2.886006440451          1.975060831601         -0.898567828859     c 
          3.191960859013          0.294719450719         -0.098876541105     c 
         -4.390521350067         -2.731899756048          0.822189105783     c 
         -5.192593530191          0.984359665039         -1.638178961621     c 
         -5.945319567398         -1.371045511857         -0.786840562650     c 
          5.212568425937         -3.603158249090         -0.896962107555     c 
          1.561672538801          1.227614750868          3.504843606847     h 
         -0.873780528098         -2.801218878718          2.823788724595     h 
         -2.300811510306          3.820148080626         -1.538869210480     h 
         -4.972880021148         -4.565688649017          1.498020753575     h 
         -6.396385574467          2.058338094309         -2.886036051511     h 
         -7.739633665664         -2.144288766301         -1.370728805505     h 
          2.467387954086          4.570023249487         -0.343572979308     h 
          6.696647675866         -2.427452510525         -1.708446797015     h 
          5.987404974091         -4.988835291978          0.403629735148     h 
          4.156589556021         -4.529809317581         -2.402039575359     h 
$end
