$hessian                                                                        
        0.1848961268   0.0360509856  -0.2036871502  -0.0029935261   0.0038683313
        0.0030665263  -0.0002396229   0.0087856338  -0.0009560318  -0.0502819318
       -0.0144710772   0.0113015579  -0.0043184062  -0.0311362037   0.0027646073
       -0.0043881705  -0.0016251428  -0.0022873749   0.0000991463  -0.0008008910
       -0.0004586938  -0.0020369134   0.0185114702   0.0036119794  -0.0008869884
       -0.0007509435   0.0007609438   0.0007217623  -0.0007572300   0.0012650825
        0.0000721602  -0.0002347048   0.0002172571  -0.0005391375   0.0011996660
       -0.0004131317   0.0026910896  -0.0016421959   0.0027541819  -0.0000202492
       -0.0000687719  -0.0001040638  -0.0004195133  -0.0008643793   0.0001102757
       -0.0003872941  -0.0002895788   0.0000187579   0.0002270852   0.0000625490
        0.0000097644  -0.0000987815  -0.0001739395  -0.0000661891  -0.1219876314
       -0.0157491361   0.1819848789   0.0001027226  -0.0000574789  -0.0000764413
       -0.0002058040   0.0001532159   0.0001499035  -0.0000061228  -0.0000101783
        0.0000333602
        0.0360509856   0.3716580400  -0.0530873212   0.0067670160  -0.0090221876
       -0.0048107651  -0.0034900027   0.0057095497   0.0037345402   0.0010117247
       -0.2253226273  -0.0011046378  -0.0113703936  -0.0297510364  -0.0013747632
       -0.0051185798  -0.0011420858  -0.0028508372   0.0011659847  -0.0002850339
        0.0018503777   0.0016200960  -0.0428276022   0.0026430216  -0.0003626260
       -0.0005851217   0.0011470938   0.0004995134  -0.0000027734   0.0007316550
        0.0002983861   0.0004220072  -0.0000896336   0.0006416254  -0.0020902093
        0.0006984758   0.0011544481  -0.0230676458   0.0122549554   0.0005763983
        0.0004723620  -0.0001174825   0.0002542498   0.0004654569  -0.0004217059
       -0.0005004132  -0.0004462249  -0.0000513250  -0.0001604180   0.0000883799
       -0.0001704995  -0.0001306915  -0.0001362544  -0.0001597371  -0.0291730879
       -0.0439524308   0.0414952931  -0.0001115008   0.0001826812   0.0001154717
        0.0003573281  -0.0003335319  -0.0003709734   0.0000199574  -0.0000337114
       -0.0000612029
       -0.2036871502  -0.0530873212   0.3457320837   0.0029077328  -0.0035852226
       -0.0004135716   0.0024241724  -0.0096434342   0.0010041479   0.0118792957
        0.0298531653  -0.0725912850  -0.0005194961  -0.0033624133   0.0047503756
       -0.0003434816   0.0001016862   0.0004358278  -0.0010347340  -0.0006209555
       -0.0004120714   0.0013571745  -0.0105955866  -0.0015874380   0.0000058823
       -0.0001501483   0.0000698799   0.0003948064  -0.0004756715   0.0002577363
       -0.0000376969  -0.0001345093   0.0000533705   0.0003294174  -0.0005967343
        0.0004997880   0.0032625343   0.0324593194  -0.0045950995  -0.0001070177
       -0.0003454894   0.0000784350  -0.0001084320  -0.0008556925   0.0001830560
        0.0000018568  -0.0000760458  -0.0000494641   0.0000519520   0.0000198610
        0.0000318320  -0.0000466708  -0.0000826251   0.0000101497   0.1832679715
        0.0211261630  -0.2734312757  -0.0001351505   0.0000610431  -0.0000072246
        0.0001310952  -0.0001392587  -0.0000578709   0.0000059385   0.0001298703
        0.0000386185
       -0.0029935261   0.0067670160   0.0029077328   0.2061462218  -0.0982023338
       -0.1233414978   0.0139452745  -0.0200561333   0.0206784254  -0.0068420535
        0.0227033443  -0.0012771739  -0.0006422085   0.0017143160   0.0012465643
       -0.0016167194   0.0004909869   0.0007155343  -0.0001391627  -0.0003167510
        0.0002511404  -0.0696262888   0.0300183902   0.0082104012   0.0001935557
        0.0003038969  -0.0002213749   0.0001068922  -0.0002112892   0.0000436528
        0.0001235312   0.0000703717  -0.0000340288  -0.1097657904   0.0294711910
        0.0583450730  -0.0001086972   0.0008002319  -0.0001833704  -0.0012264668
        0.0000025705  -0.0000089668   0.0000824457   0.0000496947   0.0000598193
        0.0000186862  -0.0000154440   0.0000288086  -0.0000430137   0.0000527339
       -0.0000714540  -0.0001034215  -0.0000005505  -0.0000304075   0.0006350434
       -0.0007404825  -0.0002962086  -0.0252147366   0.0165512908   0.0225535582
       -0.0112968715   0.0121238345   0.0077685593   0.0083673059  -0.0015768851
        0.0026552129
        0.0038683313  -0.0090221876  -0.0035852226  -0.0982023338   0.4740925771
       -0.0510549024  -0.0139015620  -0.0720695896   0.0573998954   0.0239003177
       -0.0256684556  -0.0030170958  -0.0030745746  -0.0050442338  -0.0024657792
        0.0002560059   0.0000828286   0.0011804104   0.0019414768   0.0007015945
        0.0000866507   0.0193588153  -0.2545634696   0.0644140796  -0.0000560394
        0.0002444185   0.0004831602  -0.0006613229   0.0001045608   0.0003057068
       -0.0002164015   0.0003573060  -0.0003657973   0.0377533084  -0.0846849124
       -0.0357705220  -0.0013438934  -0.0002845715  -0.0000499683   0.0000388600
        0.0004033279  -0.0008795353  -0.0004336781  -0.0000480011  -0.0002434405
        0.0000208036   0.0000817895   0.0000185378   0.0000985244  -0.0000476928
        0.0000989002   0.0001217013  -0.0000601143  -0.0001258215  -0.0024085079
        0.0029149597   0.0022172700  -0.0016932976   0.0077092037   0.0034325697
        0.0208712485  -0.0191947596  -0.0135225809   0.0137622181  -0.0160045785
       -0.0185565151
        0.0030665263  -0.0048107651  -0.0004135716  -0.1233414978  -0.0510549024
        0.2401257267   0.0192416605   0.0668433455  -0.0264997563   0.0011551743
       -0.0141631319   0.0057292281   0.0007985040   0.0006661328   0.0002785812
        0.0006299790  -0.0003582090   0.0000116163  -0.0000933652  -0.0001200652
        0.0004515198   0.0135726280   0.0486752367  -0.0877514035   0.0002266163
       -0.0000446900   0.0000800909  -0.0000946731  -0.0001107826  -0.0001145345
       -0.0000214455   0.0000006524   0.0000031150   0.0560153231  -0.0229347850
       -0.1105033888  -0.0002455384   0.0005362929   0.0011187893  -0.0000602797
        0.0000828145  -0.0001094765   0.0000486761   0.0000103829  -0.0000747493
       -0.0000427774   0.0000331344  -0.0000516458  -0.0000128497  -0.0000105382
       -0.0000338889  -0.0000154719   0.0000544270   0.0000159992   0.0008046450
       -0.0007749969  -0.0007352198   0.0175800348  -0.0088484953  -0.0140989259
       -0.0074720033   0.0067687138   0.0104867087   0.0182601348  -0.0204397711
       -0.0179148142
       -0.0002396229  -0.0034900027   0.0024241724   0.0139452745  -0.0139015620
        0.0192416605   0.2105856348   0.1338680511  -0.2707896433  -0.0185999515
       -0.0086094679   0.0434996820   0.0037141561   0.0017354797   0.0014779380
       -0.0009590418  -0.0002950888  -0.0004349606  -0.0003894749  -0.0004206290
       -0.0001201626  -0.2049068716  -0.1115089297   0.2116148834   0.0003416668
        0.0002045536  -0.0000296289   0.0003984912  -0.0001043501   0.0000090933
       -0.0000100805   0.0001143816  -0.0000837149  -0.0007988605   0.0010678212
       -0.0053197216  -0.0044971252   0.0029501124   0.0039517068   0.0002331997
        0.0001590211   0.0000780572   0.0001417599  -0.0000098242   0.0000566481
       -0.0000666300  -0.0001576117   0.0000311686  -0.0001389275   0.0000372679
       -0.0000878075  -0.0001387118  -0.0000536045   0.0000102404  -0.0001778284
       -0.0010283126  -0.0036033499   0.0003575352  -0.0003802941  -0.0005482480
        0.0005539611   0.0003574420  -0.0006427363   0.0006514473  -0.0005344533
       -0.0007352770
        0.0087856338   0.0057095497  -0.0096434342  -0.0200561333  -0.0720695896
        0.0668433455   0.1338680511   0.2329878705  -0.2465337246   0.0028612267
       -0.0032675617  -0.0022116389   0.0023450892   0.0003071208   0.0003550282
       -0.0005428792  -0.0000099424   0.0003964202  -0.0000234236  -0.0003217684
       -0.0001188856  -0.1206850193  -0.1687696725   0.1865565702   0.0001484069
        0.0002121691  -0.0001089462   0.0001375359   0.0001382992  -0.0000527727
        0.0000672868   0.0002147431  -0.0000875260  -0.0025516016  -0.0005353195
        0.0015690568   0.0004983062  -0.0003961224  -0.0005106286   0.0004010532
        0.0001384991  -0.0001925506  -0.0003511158   0.0002516422  -0.0001481713
        0.0000438784  -0.0000287417   0.0000131661  -0.0000566538  -0.0000108243
       -0.0000385598  -0.0000386340   0.0000005024   0.0000174552  -0.0045750095
        0.0038506905   0.0039214317   0.0003714455  -0.0000947500   0.0003150316
       -0.0009788135   0.0008471146  -0.0000242936   0.0003313700   0.0008460914
       -0.0003163734
       -0.0009560318   0.0037345402   0.0010041479   0.0206784254   0.0573998954
       -0.0264997563  -0.2707896433  -0.2465337246   0.4482098611   0.0402550780
        0.0160501393  -0.0301637913  -0.0010723850  -0.0047086674  -0.0053842681
        0.0013405370   0.0003288903   0.0002865143   0.0013097951   0.0012468810
        0.0001453913   0.2146276698   0.1773043580  -0.3893828750  -0.0005415420
       -0.0001170936   0.0007468025  -0.0005792080   0.0002241919   0.0006235843
       -0.0000424299  -0.0001985291   0.0000901879  -0.0024421258  -0.0019200877
        0.0025759277   0.0022708289  -0.0014671525  -0.0019304089  -0.0002420825
       -0.0004226827  -0.0002023523   0.0002434291  -0.0004250774  -0.0002743564
        0.0001196920   0.0002229976  -0.0000335155   0.0003117483  -0.0000387528
        0.0001819304   0.0003088804  -0.0000357312  -0.0001484320  -0.0024347550
       -0.0006022034   0.0001864155  -0.0018281369  -0.0000530985  -0.0008543101
       -0.0005467840  -0.0007915055   0.0011341081   0.0000090400   0.0008024127
       -0.0003108051
       -0.0502819318   0.0010117247   0.0118792957  -0.0068420535   0.0239003177
        0.0011551743  -0.0185999515   0.0028612267   0.0402550780   0.3765466907
        0.0116410669  -0.0005510255  -0.1420948578  -0.0219414717  -0.0255904077
       -0.0143269113  -0.0130775361  -0.0008784123  -0.0258892103  -0.0041373293
       -0.0132418755  -0.0870003422   0.0106849525   0.0215607020   0.0046472207
       -0.0023687216  -0.0015204143   0.0014055077   0.0012975887  -0.0048389661
       -0.0009412454   0.0002438178  -0.0005595864   0.0050895378  -0.0005251624
        0.0016743210  -0.0365198896   0.0058920151  -0.0336020494  -0.0001708037
        0.0019189126   0.0012213764  -0.0003552067  -0.0001789440   0.0016565393
       -0.0003757404  -0.0000846771  -0.0002266635  -0.0010415080  -0.0003540073
       -0.0002588389  -0.0004824967   0.0004480868   0.0008321552  -0.0027361909
       -0.0168842261   0.0003715844   0.0003837707  -0.0007046961   0.0000306504
        0.0004204489  -0.0003864266  -0.0001672537  -0.0008348368   0.0007434887
        0.0007986165
       -0.0144710772  -0.2253226273   0.0298531653   0.0227033443  -0.0256684556
       -0.0141631319  -0.0086094679  -0.0032675617   0.0160501393   0.0116410669
        0.4544089148  -0.0366478548  -0.0411737830  -0.0659170598  -0.0064021269
       -0.0211062875  -0.0132545572  -0.0036077167   0.0102042308   0.0070881706
        0.0013148279   0.0431149624  -0.0666988250  -0.0414920627  -0.0020441652
       -0.0024770290   0.0032452234   0.0001028941  -0.0008550311   0.0039855041
       -0.0003861743  -0.0003813734  -0.0001217564   0.0015627391  -0.0021300487
        0.0024913610   0.0051125848  -0.0416023980   0.0359428337  -0.0008359769
       -0.0000283200  -0.0017001485   0.0008201714  -0.0010412173  -0.0003793072
       -0.0007358140  -0.0001958940  -0.0003024974   0.0011907706   0.0001445264
        0.0006292751   0.0004653169  -0.0001176442  -0.0004504669  -0.0082293005
       -0.0118300343   0.0122259053  -0.0001611901  -0.0002441309   0.0000276917
        0.0007059029  -0.0006398829  -0.0007135858   0.0001292525   0.0000304787
        0.0002147284
        0.0113015579  -0.0011046378  -0.0725912850  -0.0012771739  -0.0030170958
        0.0057292281   0.0434996820  -0.0022116389  -0.0301637913  -0.0005510255
       -0.0366478548   0.5034207617  -0.0410954840  -0.0088293952  -0.0651085680
        0.0060563053   0.0022627474   0.0023872988  -0.0176460021  -0.0043521812
       -0.0053806265   0.0338936790  -0.0204178716  -0.0898262676  -0.0013229333
        0.0035932464   0.0030351260  -0.0043491085   0.0040812055   0.0025864266
       -0.0001551458   0.0000530635  -0.0004030519   0.0019404605   0.0025689826
        0.0017377419  -0.0342895486   0.0349264635  -0.2488097720   0.0013902661
        0.0000043345  -0.0009951214   0.0003906956  -0.0013225565  -0.0013463848
        0.0005314240   0.0004866506   0.0001032047  -0.0006357320  -0.0003175953
       -0.0002706702   0.0006581980  -0.0004472759  -0.0008610385   0.0018928108
        0.0301868293  -0.0032992857   0.0001346365  -0.0000478966  -0.0001928611
        0.0001083298   0.0001062403  -0.0000282855  -0.0004758916   0.0004462359
        0.0002772217
       -0.0043184062  -0.0113703936  -0.0005194961  -0.0006422085  -0.0030745746
        0.0007985040   0.0037141561   0.0023450892  -0.0010723850  -0.1420948578
       -0.0411737830  -0.0410954840   0.4999980780   0.0643991330   0.1597275108
       -0.0970677360  -0.0909355219   0.0223156329  -0.1607280928   0.0922570641
       -0.1108468354  -0.0376898984   0.0047679257   0.0055394005  -0.0113454720
       -0.0286151778   0.0094896362  -0.0443538135  -0.0030354901  -0.0229141134
        0.0006663757   0.0121217793  -0.0025226243   0.0005757696   0.0004141888
        0.0009725124  -0.0114619443  -0.0019062967  -0.0078431756   0.0042136579
        0.0150415653  -0.0068546846   0.0057855678  -0.0029556614   0.0039255194
       -0.0029256232  -0.0039543920  -0.0041401823  -0.0030038329  -0.0035112471
       -0.0044342421   0.0008377956   0.0004171696   0.0000654531  -0.0004936483
       -0.0010997511  -0.0003351855   0.0001004958  -0.0000761408  -0.0001128574
        0.0002770125  -0.0001839485  -0.0001444823  -0.0000433748   0.0001284636
        0.0000015786
       -0.0311362037  -0.0297510364  -0.0033624133   0.0017143160  -0.0050442338
        0.0006661328   0.0017354797   0.0003071208  -0.0047086674  -0.0219414717
       -0.0659170598  -0.0088293952   0.0643991330   0.5562684373  -0.1908357937
       -0.0337787673  -0.2657347430   0.0994744316   0.0341491991  -0.1509057610
        0.0742486450   0.0001812587   0.0103657853   0.0090753242  -0.0768847236
       -0.0201911997  -0.0310494272   0.0439090129   0.0481064815  -0.0014996784
        0.0126205870  -0.0465290555   0.0288469061  -0.0003445248  -0.0002229321
       -0.0002859870   0.0007253818   0.0025508092  -0.0000983584  -0.0022446939
       -0.0164066488   0.0076066845   0.0147465621  -0.0176538555   0.0185498810
       -0.0034156899   0.0017246545   0.0017128780  -0.0037383467   0.0015689656
        0.0014209109   0.0005321141  -0.0003615599   0.0003881614  -0.0012840681
       -0.0021880318  -0.0011383020  -0.0000716418   0.0000807073   0.0000510548
        0.0000124925   0.0000624238   0.0000066872   0.0001145945  -0.0001292682
       -0.0002396747
        0.0027646073  -0.0013747632   0.0047503756   0.0012465643  -0.0024657792
        0.0002785812   0.0014779380   0.0003550282  -0.0053842681  -0.0255904077
       -0.0064021269  -0.0651085680   0.1597275108  -0.1908357937   0.3281330642
       -0.0089515259   0.0663643107  -0.0916212932  -0.0807379248   0.1073191190
       -0.1515849498   0.0050899972   0.0057267174   0.0091543903   0.0353622281
       -0.0046158266   0.0230191141  -0.0489351708  -0.0282482007  -0.0114342740
       -0.0032879822   0.0288422940  -0.0237803778  -0.0007600429  -0.0001787424
       -0.0002340371  -0.0282371444  -0.0052172282  -0.0116475641   0.0031971690
        0.0180660687  -0.0071884368  -0.0052766079   0.0083347944  -0.0066469574
       -0.0043250073   0.0015124086   0.0050966154  -0.0040037762   0.0016568535
        0.0051094317   0.0002231567   0.0004847951  -0.0001138069   0.0008828329
        0.0006946648  -0.0005995907  -0.0000097135   0.0000986073  -0.0000018379
        0.0000200152   0.0000285044  -0.0000275140   0.0001232842  -0.0001457052
       -0.0001680966
       -0.0043881705  -0.0051185798  -0.0003434816  -0.0016167194   0.0002560059
        0.0006299790  -0.0009590418  -0.0005428792   0.0013405370  -0.0143269113
       -0.0211062875   0.0060563053  -0.0970677360  -0.0337787673  -0.0089515259
        0.5637303990   0.0947522639   0.1979319167   0.0418285964   0.0066663865
        0.0192184251   0.0009658485  -0.0017879262  -0.0023085860  -0.2726212094
       -0.1207804163  -0.0608595069  -0.0298338509  -0.0331524119   0.0045610069
       -0.0439024102   0.0431462529  -0.0487654422   0.0002802001  -0.0002811342
       -0.0002087969  -0.0000287668  -0.0015332869   0.0012775215  -0.1318627695
        0.0781844074  -0.0975213016  -0.0003705363   0.0009287547  -0.0051702605
       -0.0093933631  -0.0058651955  -0.0023577461   0.0000438593  -0.0005880212
        0.0004306344  -0.0001284018   0.0008484500  -0.0048298969  -0.0002646955
       -0.0002587546  -0.0002246678  -0.0000221419   0.0000331807   0.0000353979
       -0.0000399389  -0.0000136615  -0.0000104347  -0.0000222399  -0.0000083799
        0.0000699234
       -0.0016251428  -0.0011420858   0.0001016862   0.0004909869   0.0000828286
       -0.0003582090  -0.0002950888  -0.0000099424   0.0003288903  -0.0130775361
       -0.0132545572   0.0022627474  -0.0909355219  -0.2657347430   0.0663643107
        0.0947522639   0.5489286269  -0.1829594654   0.0504660266  -0.0350883539
        0.0478735148   0.0003346658  -0.0012942452  -0.0004995582  -0.0578897253
       -0.1205794987   0.0074835653  -0.0333903658  -0.0364890865  -0.0015309483
       -0.0038997701   0.0484058183  -0.0276615101  -0.0001780127   0.0000558945
        0.0001638378   0.0012009642   0.0005391603   0.0012491443   0.0779031308
       -0.1118929768   0.0852135496   0.0005573492   0.0002382554   0.0042209765
       -0.0246727723  -0.0128608813  -0.0064992465  -0.0005885429  -0.0000829986
       -0.0004197514   0.0010461463   0.0005853367   0.0046003251  -0.0002033085
       -0.0003796176   0.0000911298  -0.0000323414  -0.0000428891  -0.0000091407
        0.0000265182  -0.0000230504   0.0000022024   0.0000100766   0.0000390059
       -0.0000180509
       -0.0022873749  -0.0028508372   0.0004358278   0.0007155343   0.0011804104
        0.0000116163  -0.0004349606   0.0003964202   0.0002865143  -0.0008784123
       -0.0036077167   0.0023872988   0.0223156329   0.0994744316  -0.0916212932
        0.1979319167  -0.1829594654   0.3262710145  -0.0042943346   0.0236425131
       -0.0139123023   0.0005050963  -0.0021102367  -0.0001653066  -0.0946751782
       -0.0272448029  -0.0846277712   0.0042637126  -0.0019418591  -0.0020662324
       -0.0233569666  -0.0010432263  -0.0110119146  -0.0000583888   0.0001823274
       -0.0000576437  -0.0007137041  -0.0009792885   0.0006612962  -0.0975966537
        0.0854799280  -0.1346367393  -0.0047920729   0.0044673421   0.0025677119
        0.0079725344   0.0040857994   0.0027859098   0.0004727553  -0.0004046589
        0.0002536626  -0.0049823151   0.0043766102   0.0025736614  -0.0001285178
       -0.0001457550  -0.0001525580   0.0000804139   0.0000115312  -0.0000549690
       -0.0001107898   0.0000178266  -0.0000322712   0.0000520730  -0.0000272933
        0.0001044879
        0.0000991463   0.0011659847  -0.0010347340  -0.0001391627   0.0019414768
       -0.0000933652  -0.0003894749  -0.0000234236   0.0013097951  -0.0258892103
        0.0102042308  -0.0176460021  -0.1607280928   0.0341491991  -0.0807379248
        0.0418285964   0.0504660266  -0.0042943346   0.5524650710   0.1115214855
        0.1837297048   0.0009313562  -0.0033977103  -0.0036226014  -0.0489900532
        0.0068692961  -0.0280185384  -0.2698403018  -0.0568607707  -0.0927765398
       -0.0096176765  -0.0762416699   0.0349493645   0.0001347807   0.0000726189
       -0.0000031051  -0.0026969038  -0.0007368243  -0.0012365719   0.0016110772
       -0.0031585432  -0.0014012682  -0.0621245942  -0.0681311500   0.0204046502
       -0.0003737217   0.0002947346  -0.0003422169  -0.0184553899  -0.0056533632
       -0.0073435782   0.0018323932  -0.0030139557  -0.0016461793   0.0003222218
        0.0005893556  -0.0001760992   0.0000446209  -0.0000566092  -0.0000565092
       -0.0000118068  -0.0000153664  -0.0000060373  -0.0000128751   0.0000149778
        0.0000420910
       -0.0008008910  -0.0002850339  -0.0006209555  -0.0003167510   0.0007015945
       -0.0001200652  -0.0004206290  -0.0003217684   0.0012468810  -0.0041373293
        0.0070881706  -0.0043521812   0.0922570641  -0.1509057610   0.1073191190
        0.0066663865  -0.0350883539   0.0236425131   0.1115214855   0.5734818096
       -0.1822094066   0.0006193832  -0.0008745278  -0.0023507053   0.0065070508
        0.0014210634  -0.0002231332  -0.1195961021  -0.1192627651  -0.0271025807
       -0.0289059669  -0.0200780218  -0.0043641923   0.0001465957   0.0000329974
        0.0000864635  -0.0025760276  -0.0003819384  -0.0009672244  -0.0028634651
       -0.0034147957   0.0044727603  -0.0676829921  -0.2548505773   0.0770932524
        0.0003390435   0.0007733613  -0.0003741742   0.0129856484   0.0051427336
        0.0048188372  -0.0033480003  -0.0033533484   0.0042387931  -0.0003517236
        0.0001952619  -0.0002825560  -0.0000097315  -0.0000231086  -0.0000110348
       -0.0000387672  -0.0000075548   0.0000047059   0.0000057188   0.0000105628
        0.0000548840
       -0.0004586938   0.0018503777  -0.0004120714   0.0002511404   0.0000866507
        0.0004515198  -0.0001201626  -0.0001188856   0.0001453913  -0.0132418755
        0.0013148279  -0.0053806265  -0.1108468354   0.0742486450  -0.1515849498
        0.0192184251   0.0478735148  -0.0139123023   0.1837297048  -0.1822094066
        0.3144840309   0.0002867017  -0.0003308493  -0.0011969978  -0.0276972265
        0.0000139979  -0.0209463709  -0.0585412007   0.0079902800  -0.0837374440
        0.0093319206  -0.0307746697   0.0232023998   0.0000294982  -0.0000223311
       -0.0001752924  -0.0011271371  -0.0003730319  -0.0005413878  -0.0016954510
        0.0042044297   0.0043163449   0.0201630122   0.0777843335  -0.0629652926
       -0.0002943780  -0.0003422087  -0.0001621420  -0.0176109532  -0.0055832691
       -0.0060843303  -0.0016197651   0.0043861601   0.0047312690   0.0002412369
        0.0000013097  -0.0001710300   0.0000099003  -0.0000163158  -0.0000255576
        0.0000147008  -0.0000003928   0.0000005376  -0.0000225624   0.0000168337
       -0.0000356977
       -0.0020369134   0.0016200960   0.0013571745  -0.0696262888   0.0193588153
        0.0135726280  -0.2049068716  -0.1206850193   0.2146276698  -0.0870003422
        0.0431149624   0.0338936790  -0.0376898984   0.0001812587   0.0050899972
        0.0009658485   0.0003346658   0.0005050963   0.0009313562   0.0006193832
        0.0002867017   0.4057317379   0.0265108988  -0.2667183375  -0.0004235563
       -0.0007989458  -0.0004996931  -0.0008089755  -0.0006123149  -0.0010474139
       -0.0002393646  -0.0000083749  -0.0001328105  -0.0067577828   0.0264010190
       -0.0046900762   0.0024235197  -0.0025709897  -0.0010707662  -0.0000072779
       -0.0002224555   0.0000663076  -0.0001545100  -0.0000218067   0.0002663941
        0.0003533891   0.0004648588  -0.0000308381   0.0004591977  -0.0001092468
        0.0003179531   0.0003859129   0.0001889710   0.0001594575   0.0024149930
       -0.0005931173   0.0016375492  -0.0000225972   0.0023286510  -0.0002700882
       -0.0039402712   0.0042808493   0.0032695614  -0.0000513051   0.0002178417
       -0.0005901455
        0.0185114702  -0.0428276022  -0.0105955866   0.0300183902  -0.2545634696
        0.0486752367  -0.1115089297  -0.1687696725   0.1773043580   0.0106849525
       -0.0666988250  -0.0204178716   0.0047679257   0.0103657853   0.0057267174
       -0.0017879262  -0.0012942452  -0.0021102367  -0.0033977103  -0.0008745278
       -0.0003308493   0.0265108988   0.5686455013  -0.1924618888   0.0005533365
       -0.0006579674  -0.0001269102   0.0009100988  -0.0001532526  -0.0006674785
       -0.0000707462  -0.0004355547   0.0002606009   0.0213959584  -0.0355367375
       -0.0058823447  -0.0003866792   0.0038978412   0.0022106474  -0.0007618361
       -0.0005912639   0.0015118852   0.0005278737  -0.0003703327   0.0004492083
       -0.0003055022  -0.0002707905  -0.0000372251  -0.0003327641   0.0000128423
       -0.0001960585  -0.0002480224   0.0000172612   0.0001686543   0.0060637517
       -0.0083059311  -0.0042411120  -0.0020917000   0.0011602307   0.0001120223
        0.0007585958  -0.0029808882  -0.0008024134   0.0001885642   0.0002315990
        0.0014506449
        0.0036119794   0.0026430216  -0.0015874380   0.0082104012   0.0644140796
       -0.0877514035   0.2116148834   0.1865565702  -0.3893828750   0.0215607020
       -0.0414920627  -0.0898262676   0.0055394005   0.0090753242   0.0091543903
       -0.0023085860  -0.0004995582  -0.0001653066  -0.0036226014  -0.0023507053
       -0.0011969978  -0.2667183375  -0.1924618888   0.5750662314   0.0009001511
        0.0000650136  -0.0006626329   0.0008821542   0.0003994508  -0.0010629133
        0.0000149015   0.0001388835  -0.0000769238  -0.0025064905  -0.0157686407
        0.0070044206   0.0201823596  -0.0112286155  -0.0209939900   0.0003922876
        0.0008315148   0.0001876360  -0.0003525645   0.0006468002   0.0002761437
       -0.0003737609  -0.0004631765   0.0000421995  -0.0007052840   0.0000244089
       -0.0003550540  -0.0004925963  -0.0000156096   0.0001137754  -0.0018528345
        0.0048047785   0.0028473028   0.0021079816  -0.0013012962   0.0020123129
        0.0020684426  -0.0004303558  -0.0023894105   0.0018474108  -0.0035879368
       -0.0012531994
       -0.0008869884  -0.0003626260   0.0000058823   0.0001935557  -0.0000560394
        0.0002266163   0.0003416668   0.0001484069  -0.0005415420   0.0046472207
       -0.0020441652  -0.0013229333  -0.0113454720  -0.0768847236   0.0353622281
       -0.2726212094  -0.0578897253  -0.0946751782  -0.0489900532   0.0065070508
       -0.0276972265  -0.0004235563   0.0005533365   0.0009001511   0.5496396152
        0.1085966347   0.1831943157   0.0452263508   0.0531615158  -0.0048874986
       -0.1686639227   0.0322648313  -0.0845561309  -0.0000328303  -0.0000632566
       -0.0001106551  -0.0000694961   0.0004438416  -0.0005129144  -0.0178730260
       -0.0056603174  -0.0075787885  -0.0003756770   0.0003466637  -0.0001324703
       -0.0625959869  -0.0681737159   0.0213131766   0.0020622385  -0.0033228575
       -0.0015310866  -0.0182853953   0.0124274412  -0.0173864315   0.0000418418
       -0.0000582381  -0.0000735135   0.0000019280   0.0000342476   0.0000071911
        0.0000269853   0.0000128794   0.0000048381  -0.0000177890   0.0000188158
       -0.0000080300
       -0.0007509435  -0.0005851217  -0.0001501483   0.0003038969   0.0002444185
       -0.0000446900   0.0002045536   0.0002121691  -0.0001170936  -0.0023687216
       -0.0024770290   0.0035932464  -0.0286151778  -0.0201911997  -0.0046158266
       -0.1207804163  -0.1205794987  -0.0272448029   0.0068692961   0.0014210634
        0.0000139979  -0.0007989458  -0.0006579674   0.0000650136   0.1085966347
        0.5729115856  -0.1879251741   0.0061233588  -0.0368036338   0.0242289372
        0.0949473105  -0.1501216544   0.1083950073  -0.0000206549   0.0000066584
       -0.0000140449   0.0004586804  -0.0002327140   0.0003561736   0.0132122859
        0.0053329621   0.0049898299   0.0002711919   0.0006465109  -0.0003477325
       -0.0680307511  -0.2509310068   0.0804146003  -0.0029024532  -0.0034134577
        0.0045869109  -0.0065412259   0.0053335354  -0.0062000082  -0.0001676055
       -0.0001836739   0.0000003049   0.0000325370   0.0000208110  -0.0000244892
       -0.0000094538   0.0000115270   0.0000218175  -0.0000333966   0.0000357157
        0.0000181708
        0.0007609438   0.0011470938   0.0000698799  -0.0002213749   0.0004831602
        0.0000800909  -0.0000296289  -0.0001089462   0.0007468025  -0.0015204143
        0.0032452234   0.0030351260   0.0094896362  -0.0310494272   0.0230191141
       -0.0608595069   0.0074835653  -0.0846277712  -0.0280185384  -0.0002231332
       -0.0209463709  -0.0004996931  -0.0001269102  -0.0006626329   0.1831943157
       -0.1879251741   0.3218695369   0.0208944949   0.0505308254  -0.0142569628
       -0.1187471863   0.0735210568  -0.1548336674   0.0001478865  -0.0000383574
       -0.0000344533   0.0005580277  -0.0000615617   0.0001410931  -0.0174558978
       -0.0055919991  -0.0060940760  -0.0001991969  -0.0003034505  -0.0001591393
        0.0213148454   0.0802350981  -0.0664399781  -0.0017878385   0.0043426080
        0.0047041529  -0.0069995650   0.0043868839  -0.0057315579   0.0000114233
        0.0000475602   0.0000723427  -0.0000025045  -0.0000007717   0.0000101250
        0.0000078907  -0.0000091629  -0.0000043100  -0.0000381186   0.0000158189
        0.0000426557
        0.0007217623   0.0004995134   0.0003948064   0.0001068922  -0.0006613229
       -0.0000946731   0.0003984912   0.0001375359  -0.0005792080   0.0014055077
        0.0001028941  -0.0043491085  -0.0443538135   0.0439090129  -0.0489351708
       -0.0298338509  -0.0333903658   0.0042637126  -0.2698403018  -0.1195961021
       -0.0585412007  -0.0008089755   0.0009100988   0.0008821542   0.0452263508
        0.0061233588   0.0208944949   0.5546682047   0.0922064771   0.1932296157
       -0.1059233168  -0.0389951602  -0.0110660688  -0.0000774846  -0.0000602693
        0.0000229435  -0.0014823907  -0.0002497474  -0.0001800124   0.0000029120
       -0.0004563596   0.0004514303  -0.0089134178  -0.0056202988  -0.0024172404
        0.0000462381   0.0012526318  -0.0050101538  -0.1314748884   0.0786125367
       -0.0964067778  -0.0098071545  -0.0246948852   0.0074758236  -0.0000133517
       -0.0000816954  -0.0000908464  -0.0000355305   0.0000331219   0.0000231716
       -0.0000045338  -0.0000000362   0.0000301772  -0.0000073483   0.0000190613
        0.0000021308
       -0.0007572300  -0.0000027734  -0.0004756715  -0.0002112892   0.0001045608
       -0.0001107826  -0.0001043501   0.0001382992   0.0002241919   0.0012975887
       -0.0008550311   0.0040812055  -0.0030354901   0.0481064815  -0.0282482007
       -0.0331524119  -0.0364890865  -0.0019418591  -0.0568607707  -0.1192627651
        0.0079902800  -0.0006123149  -0.0001532526   0.0003994508   0.0531615158
       -0.0368036338   0.0505308254   0.0922064771   0.5633460333  -0.1893942382
       -0.1019100830  -0.2809039062   0.0687693925   0.0000687308  -0.0000171318
        0.0000362967   0.0007517758   0.0002266199   0.0005394962  -0.0004666265
       -0.0000853871  -0.0004202396  -0.0243956369  -0.0121901147  -0.0062877367
        0.0008019129   0.0004955031   0.0045054312   0.0786103187  -0.1137852556
        0.0862510110  -0.0055783865  -0.0118712248   0.0035732900   0.0002253550
       -0.0000031479  -0.0000395124  -0.0000183330  -0.0000024760  -0.0000009391
       -0.0000146276  -0.0000053520   0.0000031925  -0.0000061242   0.0000130410
        0.0000151163
        0.0012650825   0.0007316550   0.0002577363   0.0000436528   0.0003057068
       -0.0001145345   0.0000090933  -0.0000527727   0.0006235843  -0.0048389661
        0.0039855041   0.0025864266  -0.0229141134  -0.0014996784  -0.0114342740
        0.0045610069  -0.0015309483  -0.0020662324  -0.0927765398  -0.0271025807
       -0.0837374440  -0.0010474139  -0.0006674785  -0.0010629133  -0.0048874986
        0.0242289372  -0.0142569628   0.1932296157  -0.1893942382   0.3256965216
        0.0229939237   0.1032489268  -0.0909891944   0.0000502332   0.0000443344
        0.0000840563   0.0003290068   0.0000584531   0.0002389227   0.0004028218
       -0.0003754447   0.0002056865   0.0077289912   0.0038757413   0.0028983419
       -0.0048191429   0.0047047895   0.0026141886  -0.0963023989   0.0863818805
       -0.1344565755  -0.0027972207  -0.0069807448   0.0028638075  -0.0002063048
        0.0000115004   0.0000322459  -0.0000044628  -0.0000080701  -0.0000072527
        0.0000123760  -0.0000154850   0.0000046620  -0.0000317418   0.0000500123
        0.0000192036
        0.0000721602   0.0002983861  -0.0000376969   0.0001235312  -0.0002164015
       -0.0000214455  -0.0000100805   0.0000672868  -0.0000424299  -0.0009412454
       -0.0003861743  -0.0001551458   0.0006663757   0.0126205870  -0.0032879822
       -0.0439024102  -0.0038997701  -0.0233569666  -0.0096176765  -0.0289059669
        0.0093319206  -0.0002393646  -0.0000707462   0.0000149015  -0.1686639227
        0.0949473105  -0.1187471863  -0.1059233168  -0.1019100830   0.0229939237
        0.5674068620   0.1109826400   0.1919296541  -0.0000562834  -0.0000070665
        0.0000313148   0.0000983212  -0.0000073084   0.0002477277  -0.0028723424
       -0.0035752602  -0.0043356795  -0.0029257462  -0.0036830277  -0.0039921723
        0.0046175154  -0.0040203886   0.0044028437   0.0042597249   0.0157277456
       -0.0065346211  -0.2420608849  -0.0880139786  -0.0684874762  -0.0000058973
        0.0000083431  -0.0000111198  -0.0000063857   0.0000217855   0.0000206756
        0.0000081550  -0.0000033533   0.0000122337  -0.0000270889   0.0000254409
        0.0000247267
       -0.0002347048   0.0004220072  -0.0001345093   0.0000703717   0.0003573060
        0.0000006524   0.0001143816   0.0002147431  -0.0001985291   0.0002438178
       -0.0003813734   0.0000530635   0.0121217793  -0.0465290555   0.0288422940
        0.0431462529   0.0484058183  -0.0010432263  -0.0762416699  -0.0200780218
       -0.0307746697  -0.0000083749  -0.0004355547   0.0001388835   0.0322648313
       -0.1501216544   0.0735210568  -0.0389951602  -0.2809039062   0.1032489268
        0.1109826400   0.5575485842  -0.1766304671  -0.0000234749   0.0000291003
       -0.0000089808   0.0002299981   0.0000972477  -0.0002406741  -0.0039354902
        0.0015611769   0.0013995349  -0.0034169831   0.0016230086   0.0016629963
        0.0149488115  -0.0167229420   0.0177698603  -0.0033456998  -0.0161386315
        0.0073364538  -0.0880352068  -0.0789347776  -0.0249578597   0.0001068816
       -0.0000044271   0.0000337861   0.0000269367  -0.0000268530  -0.0000249508
       -0.0000104660   0.0000072982   0.0000077004  -0.0000094718   0.0000109067
       -0.0000013417
        0.0002172571  -0.0000896336   0.0000533705  -0.0000340288  -0.0003657973
        0.0000031150  -0.0000837149  -0.0000875260   0.0000901879  -0.0005595864
       -0.0001217564  -0.0004030519  -0.0025226243   0.0288469061  -0.0237803778
       -0.0487654422  -0.0276615101  -0.0110119146   0.0349493645  -0.0043641923
        0.0232023998  -0.0001328105   0.0002606009  -0.0000769238  -0.0845561309
        0.1083950073  -0.1548336674  -0.0110660688   0.0687693925  -0.0909891944
        0.1919296541  -0.1766304671   0.3196189839  -0.0000190448  -0.0000380296
        0.0000150606  -0.0001506659  -0.0001210175   0.0002794019  -0.0040241506
        0.0016615262   0.0050780815  -0.0042641638   0.0013284848   0.0049373007
       -0.0060235100   0.0073075235  -0.0064765650   0.0037177589   0.0178260407
       -0.0068163903  -0.0685183921  -0.0249519953  -0.0589172440  -0.0000595278
        0.0000116107  -0.0000075002  -0.0000297157   0.0000247733   0.0000283710
        0.0000105959  -0.0000077034   0.0000045218  -0.0000150530   0.0000077625
        0.0000020348
       -0.0005391375   0.0006416254   0.0003294174  -0.1097657904   0.0377533084
        0.0560153231  -0.0007988605  -0.0025516016  -0.0024421258   0.0050895378
        0.0015627391   0.0019404605   0.0005757696  -0.0003445248  -0.0007600429
        0.0002802001  -0.0001780127  -0.0000583888   0.0001347807   0.0001465957
        0.0000294982  -0.0067577828   0.0213959584  -0.0025064905  -0.0000328303
       -0.0000206549   0.0001478865  -0.0000774846   0.0000687308   0.0000502332
       -0.0000562834  -0.0000234749  -0.0000190448   0.4551333506   0.0429114140
        0.0423111299  -0.0005115160   0.0002083213   0.0002520742  -0.0002275333
        0.0000273223   0.0001718408   0.0000026934  -0.0000049731  -0.0000258738
       -0.0000454190  -0.0000104978   0.0000043936  -0.0000145801  -0.0000035493
       -0.0000196718  -0.0000045884  -0.0000050505  -0.0000249072  -0.0000721635
       -0.0000374299   0.0002509006  -0.1600653566  -0.1036756868   0.0615816336
       -0.0719877281   0.0581912873  -0.0628198140  -0.1102592779  -0.0560518464
       -0.0944084318
        0.0011996660  -0.0020902093  -0.0005967343   0.0294711910  -0.0846849124
       -0.0229347850   0.0010678212  -0.0005353195  -0.0019200877  -0.0005251624
       -0.0021300487   0.0025689826   0.0004141888  -0.0002229321  -0.0001787424
       -0.0002811342   0.0000558945   0.0001823274   0.0000726189   0.0000329974
       -0.0000223311   0.0264010190  -0.0355367375  -0.0157686407  -0.0000632566
        0.0000066584  -0.0000383574  -0.0000602693  -0.0000171318   0.0000443344
       -0.0000070665   0.0000291003  -0.0000380296   0.0429114140   0.4853306495
       -0.0541612722  -0.0000051236  -0.0001978950   0.0000547912   0.0002593222
        0.0001163311  -0.0001708052  -0.0000080335   0.0000178152  -0.0000454763
        0.0000565625   0.0000413798  -0.0000055435   0.0000472076   0.0000134887
        0.0000288652   0.0000375936   0.0000091813  -0.0000073928  -0.0000366969
        0.0001250073  -0.0000536135  -0.0984311114  -0.1248595456   0.0528131513
        0.0568391341  -0.1495115903   0.1126366418  -0.0593598845  -0.0859921812
       -0.0723872823
       -0.0004131317   0.0006984758   0.0004997880   0.0583450730  -0.0357705220
       -0.1105033888  -0.0053197216   0.0015690568   0.0025759277   0.0016743210
        0.0024913610   0.0017377419   0.0009725124  -0.0002859870  -0.0002340371
       -0.0002087969   0.0001638378  -0.0000576437  -0.0000031051   0.0000864635
       -0.0001752924  -0.0046900762  -0.0058823447   0.0070044206  -0.0001106551
       -0.0000140449  -0.0000344533   0.0000229435   0.0000362967   0.0000840563
        0.0000313148  -0.0000089808   0.0000150606   0.0423111299  -0.0541612722
        0.4850122223  -0.0000888311  -0.0002445143   0.0003472070   0.0003543525
       -0.0001531495  -0.0000397097   0.0000428899   0.0000047416   0.0000048636
        0.0000640457   0.0000153347   0.0000166416   0.0000519961   0.0000202505
        0.0000448106   0.0000423366  -0.0000055827   0.0000070644   0.0002515404
       -0.0000742496  -0.0002667377   0.0623298031   0.0557599722  -0.0759037045
       -0.0589365995   0.1068775708  -0.1471207422  -0.0967233416  -0.0711227137
       -0.1630140952
        0.0026910896   0.0011544481   0.0032625343  -0.0001086972  -0.0013438934
       -0.0002455384  -0.0044971252   0.0004983062   0.0022708289  -0.0365198896
        0.0051125848  -0.0342895486  -0.0114619443   0.0007253818  -0.0282371444
       -0.0000287668   0.0012009642  -0.0007137041  -0.0026969038  -0.0025760276
       -0.0011271371   0.0024235197  -0.0003866792   0.0201823596  -0.0000694961
        0.0004586804   0.0005580277  -0.0014823907   0.0007517758   0.0003290068
        0.0000983212   0.0002299981  -0.0001506659  -0.0005115160  -0.0000051236
       -0.0000888311   0.0521245825  -0.0037707916   0.0378659354   0.0002911789
       -0.0006348130  -0.0000552322   0.0002957854  -0.0002561339  -0.0000808198
        0.0000585202   0.0000303684   0.0000478167  -0.0002954881  -0.0000727916
       -0.0000860904   0.0001217722  -0.0000974274  -0.0001404841  -0.0004529611
       -0.0009930159   0.0007578114  -0.0000064756   0.0000327410   0.0000338848
       -0.0000236383   0.0000438509   0.0000071033   0.0000505231  -0.0001024028
       -0.0001001127
       -0.0016421959  -0.0230676458   0.0324593194   0.0008002319  -0.0002845715
        0.0005362929   0.0029501124  -0.0003961224  -0.0014671525   0.0058920151
       -0.0416023980   0.0349264635  -0.0019062967   0.0025508092  -0.0052172282
       -0.0015332869   0.0005391603  -0.0009792885  -0.0007368243  -0.0003819384
       -0.0003730319  -0.0025709897   0.0038978412  -0.0112286155   0.0004438416
       -0.0002327140  -0.0000615617  -0.0002497474   0.0002266199   0.0000584531
       -0.0000073084   0.0000972477  -0.0001210175   0.0002083213  -0.0001978950
       -0.0002445143  -0.0037707916   0.0637983706  -0.0512744748  -0.0003707399
       -0.0006244434   0.0002735673  -0.0001345420  -0.0001998891  -0.0000006731
       -0.0000084026  -0.0000070403   0.0000268384  -0.0001020624  -0.0000496819
        0.0000045260   0.0000021935  -0.0000113056   0.0000840369   0.0028076324
       -0.0040936387   0.0025004300  -0.0000884154   0.0000132278   0.0000702751
        0.0000313248  -0.0000117355   0.0000065749  -0.0000140696   0.0000377429
        0.0000207804
        0.0027541819   0.0122549554  -0.0045950995  -0.0001833704  -0.0000499683
        0.0011187893   0.0039517068  -0.0005106286  -0.0019304089  -0.0336020494
        0.0359428337  -0.2488097720  -0.0078431756  -0.0000983584  -0.0116475641
        0.0012775215   0.0012491443   0.0006612962  -0.0012365719  -0.0009672244
       -0.0005413878  -0.0010707662   0.0022106474  -0.0209939900  -0.0005129144
        0.0003561736   0.0001410931  -0.0001800124   0.0005394962   0.0002389227
        0.0002477277  -0.0002406741   0.0002794019   0.0002520742   0.0000547912
        0.0003472070   0.0378659354  -0.0512744748   0.2866374894   0.0000654379
       -0.0006595443   0.0000325823   0.0002516721  -0.0001938423   0.0000967503
        0.0000876311   0.0000196284   0.0000400535  -0.0000588016  -0.0000453586
       -0.0000517362   0.0000772353  -0.0000769293  -0.0000750807  -0.0019030670
        0.0012312194  -0.0012272590  -0.0001292230   0.0000491165   0.0000598854
       -0.0000127368   0.0000202298   0.0000861132  -0.0000984353   0.0001887671
        0.0001327141
       -0.0000202492   0.0005763983  -0.0001070177  -0.0012264668   0.0000388600
       -0.0000602797   0.0002331997   0.0004010532  -0.0002420825  -0.0001708037
       -0.0008359769   0.0013902661   0.0042136579  -0.0022446939   0.0031971690
       -0.1318627695   0.0779031308  -0.0975966537   0.0016110772  -0.0028634651
       -0.0016954510  -0.0000072779  -0.0007618361   0.0003922876  -0.0178730260
        0.0132122859  -0.0174558978   0.0000029120  -0.0004666265   0.0004028218
       -0.0028723424  -0.0039354902  -0.0040241506  -0.0002275333   0.0002593222
        0.0003543525   0.0002911789  -0.0003707399   0.0000654379   0.1491983380
       -0.0827042871   0.1146599658   0.0000849784  -0.0002994685   0.0002295491
       -0.0000180364   0.0011678061   0.0008472740  -0.0003519671   0.0003204918
        0.0006287448  -0.0009932821   0.0006598217  -0.0009495700  -0.0000216493
       -0.0000542130   0.0000449338   0.0000630270  -0.0000356334  -0.0000697251
       -0.0000836160   0.0000498931   0.0000344914   0.0000306506  -0.0000166328
       -0.0000464658
       -0.0000687719   0.0004723620  -0.0003454894   0.0000025705   0.0004033279
        0.0000828145   0.0001590211   0.0001384991  -0.0004226827   0.0019189126
       -0.0000283200   0.0000043345   0.0150415653  -0.0164066488   0.0180660687
        0.0781844074  -0.1118929768   0.0854799280  -0.0031585432  -0.0034147957
        0.0042044297  -0.0002224555  -0.0005912639   0.0008315148  -0.0056603174
        0.0053329621  -0.0055919991  -0.0004563596  -0.0000853871  -0.0003754447
       -0.0035752602   0.0015611769   0.0016615262   0.0000273223   0.0001163311
       -0.0001531495  -0.0006348130  -0.0006244434  -0.0006595443  -0.0827042871
        0.1258095038  -0.1009727847   0.0008726399  -0.0008524185   0.0010163091
       -0.0000115539   0.0002367912  -0.0016235189   0.0003337875  -0.0003036645
       -0.0006485383  -0.0003685947   0.0001522036  -0.0003269629   0.0001073221
        0.0000889212  -0.0000761273   0.0000682116  -0.0000584359  -0.0000340362
        0.0001041595  -0.0000107191  -0.0000501647   0.0000410365  -0.0000430053
       -0.0000664827
       -0.0001040638  -0.0001174825   0.0000784350  -0.0000089668  -0.0008795353
       -0.0001094765   0.0000780572  -0.0001925506  -0.0002023523   0.0012213764
       -0.0017001485  -0.0009951214  -0.0068546846   0.0076066845  -0.0071884368
       -0.0975213016   0.0852135496  -0.1346367393  -0.0014012682   0.0044727603
        0.0043163449   0.0000663076   0.0015118852   0.0001876360  -0.0075787885
        0.0049898299  -0.0060940760   0.0004514303  -0.0004202396   0.0002056865
       -0.0043356795   0.0013995349   0.0050780815   0.0001718408  -0.0001708052
       -0.0000397097  -0.0000552322   0.0002735673   0.0000325823   0.1146599658
       -0.1009727847   0.1425690701  -0.0004449750   0.0003600286  -0.0004161539
        0.0015110652  -0.0009635865  -0.0013253969   0.0006549899  -0.0006299427
       -0.0011247755  -0.0003476140   0.0002654651  -0.0004225126  -0.0001077240
       -0.0000682716   0.0000727963  -0.0000903855  -0.0000148174   0.0000476359
        0.0000300535   0.0000127077   0.0000560681   0.0000055971   0.0000241515
       -0.0000895857
       -0.0004195133   0.0002542498  -0.0001084320   0.0000824457  -0.0004336781
        0.0000486761   0.0001417599  -0.0003511158   0.0002434291  -0.0003552067
        0.0008201714   0.0003906956   0.0057855678   0.0147465621  -0.0052766079
       -0.0003705363   0.0005573492  -0.0047920729  -0.0621245942  -0.0676829921
        0.0201630122  -0.0001545100   0.0005278737  -0.0003525645  -0.0003756770
        0.0002711919  -0.0001991969  -0.0089134178  -0.0243956369   0.0077289912
       -0.0029257462  -0.0034169831  -0.0042641638   0.0000026934  -0.0000080335
        0.0000428899   0.0002957854  -0.0001345420   0.0002516721   0.0000849784
        0.0008726399  -0.0004449750   0.0714611742   0.0792549074  -0.0158272852
       -0.0003576689   0.0003529892   0.0006221166   0.0000320020  -0.0000065294
        0.0015295608  -0.0005489308  -0.0012639650   0.0003728573  -0.0013468999
        0.0000602869  -0.0001115725  -0.0000117630   0.0000016746  -0.0000008335
        0.0000150191  -0.0000190029  -0.0000047229   0.0000030382  -0.0000074173
       -0.0000114738
       -0.0008643793   0.0004654569  -0.0008556925   0.0000496947  -0.0000480011
        0.0000103829  -0.0000098242   0.0002516422  -0.0004250774  -0.0001789440
       -0.0010412173  -0.0013225565  -0.0029556614  -0.0176538555   0.0083347944
        0.0009287547   0.0002382554   0.0044673421  -0.0681311500  -0.2548505773
        0.0777843335  -0.0000218067  -0.0003703327   0.0006468002   0.0003466637
        0.0006465109  -0.0003034505  -0.0056202988  -0.0121901147   0.0038757413
       -0.0036830277   0.0016230086   0.0013284848  -0.0000049731   0.0000178152
        0.0000047416  -0.0002561339  -0.0001998891  -0.0001938423  -0.0002994685
       -0.0008524185   0.0003600286   0.0792549074   0.2840100707  -0.0924687629
        0.0003384960  -0.0002692741  -0.0006304437   0.0012060433   0.0002812107
       -0.0008877264  -0.0002023607  -0.0006690377   0.0002113909   0.0001228969
        0.0005908890   0.0000582631   0.0000200381   0.0000310683   0.0000020554
       -0.0000172168   0.0000084455  -0.0000069874  -0.0000222497  -0.0000196558
        0.0000101809
        0.0001102757  -0.0004217059   0.0001830560   0.0000598193  -0.0002434405
       -0.0000747493   0.0000566481  -0.0001481713  -0.0002743564   0.0016565393
       -0.0003793072  -0.0013463848   0.0039255194   0.0185498810  -0.0066469574
       -0.0051702605   0.0042209765   0.0025677119   0.0204046502   0.0770932524
       -0.0629652926   0.0002663941   0.0004492083   0.0002761437  -0.0001324703
       -0.0003477325  -0.0001591393  -0.0024172404  -0.0062877367   0.0028983419
       -0.0039921723   0.0016629963   0.0049373007  -0.0000258738  -0.0000454763
        0.0000048636  -0.0000808198  -0.0000006731   0.0000967503   0.0002295491
        0.0010163091  -0.0004161539  -0.0158272852  -0.0924687629   0.0630656473
        0.0006336323  -0.0006330455  -0.0011249518   0.0008591921  -0.0016072559
       -0.0013127982  -0.0001370217  -0.0003139166   0.0000348898  -0.0004432324
       -0.0000720853   0.0002507805  -0.0000095978  -0.0000156985   0.0000144401
        0.0000160362  -0.0000055533   0.0000028594   0.0000177186  -0.0000020620
       -0.0000120015
       -0.0003872941  -0.0005004132   0.0000018568   0.0000186862   0.0000208036
       -0.0000427774  -0.0000666300   0.0000438784   0.0001196920  -0.0003757404
       -0.0007358140   0.0005314240  -0.0029256232  -0.0034156899  -0.0043250073
       -0.0093933631  -0.0246727723   0.0079725344  -0.0003737217   0.0003390435
       -0.0002943780   0.0003533891  -0.0003055022  -0.0003737609  -0.0625959869
       -0.0680307511   0.0213148454   0.0000462381   0.0008019129  -0.0048191429
        0.0046175154   0.0149488115  -0.0060235100  -0.0000454190   0.0000565625
        0.0000640457   0.0000585202  -0.0000084026   0.0000876311  -0.0000180364
       -0.0000115539   0.0015110652  -0.0003576689   0.0003384960   0.0006336323
        0.0712638346   0.0789966224  -0.0167580795   0.0001096517   0.0008240633
       -0.0003352664   0.0001276027   0.0013108748   0.0007476177  -0.0000374930
        0.0000059466  -0.0000312726   0.0000124052   0.0000092367   0.0000023129
       -0.0000269921  -0.0000012478  -0.0000164728  -0.0000038743  -0.0000141051
        0.0000330105
       -0.0002895788  -0.0004462249  -0.0000760458  -0.0000154440   0.0000817895
        0.0000331344  -0.0001576117  -0.0000287417   0.0002229976  -0.0000846771
       -0.0001958940   0.0004866506  -0.0039543920   0.0017246545   0.0015124086
       -0.0058651955  -0.0128608813   0.0040857994   0.0002947346   0.0007733613
       -0.0003422087   0.0004648588  -0.0002707905  -0.0004631765  -0.0681737159
       -0.2509310068   0.0802350981   0.0012526318   0.0004955031   0.0047047895
       -0.0040203886  -0.0167229420   0.0073075235  -0.0000104978   0.0000413798
        0.0000153347   0.0000303684  -0.0000070403   0.0000196284   0.0011678061
        0.0002367912  -0.0009635865   0.0003529892  -0.0002692741  -0.0006330455
        0.0789966224   0.2790974125  -0.0951495659  -0.0001991557  -0.0009814007
        0.0003719962   0.0001887302   0.0002214604  -0.0013553073   0.0000170539
        0.0000485264  -0.0000279803   0.0000130905  -0.0000061969   0.0000028346
       -0.0000033896   0.0000058995  -0.0000185993  -0.0000048393  -0.0000063850
        0.0000313202
        0.0000187579  -0.0000513250  -0.0000494641   0.0000288086   0.0000185378
       -0.0000516458   0.0000311686   0.0000131661  -0.0000335155  -0.0002266635
       -0.0003024974   0.0001032047  -0.0041401823   0.0017128780   0.0050966154
       -0.0023577461  -0.0064992465   0.0027859098  -0.0003422169  -0.0003741742
       -0.0001621420  -0.0000308381  -0.0000372251   0.0000421995   0.0213131766
        0.0804146003  -0.0664399781  -0.0050101538   0.0045054312   0.0026141886
        0.0044028437   0.0177698603  -0.0064765650   0.0000043936  -0.0000055435
        0.0000166416   0.0000478167   0.0000268384   0.0000400535   0.0008472740
       -0.0016235189  -0.0013253969   0.0006221166  -0.0006304437  -0.0011249518
       -0.0167580795  -0.0951495659   0.0667356157   0.0002173725   0.0009691932
       -0.0004599518   0.0013543650  -0.0007389626  -0.0013213303  -0.0000240953
       -0.0000189250   0.0000254332   0.0000029410  -0.0000058927  -0.0000060484
       -0.0000045481   0.0000019537   0.0000047278   0.0000034886   0.0000048615
       -0.0000136003
        0.0002270852  -0.0001604180   0.0000519520  -0.0000430137   0.0000985244
       -0.0000128497  -0.0001389275  -0.0000566538   0.0003117483  -0.0010415080
        0.0011907706  -0.0006357320  -0.0030038329  -0.0037383467  -0.0040037762
        0.0000438593  -0.0005885429   0.0004727553  -0.0184553899   0.0129856484
       -0.0176109532   0.0004591977  -0.0003327641  -0.0007052840   0.0020622385
       -0.0029024532  -0.0017878385  -0.1314748884   0.0786103187  -0.0963023989
        0.0042597249  -0.0033456998   0.0037177589  -0.0000145801   0.0000472076
        0.0000519961  -0.0002954881  -0.0001020624  -0.0000588016  -0.0003519671
        0.0003337875   0.0006549899   0.0000320020   0.0012060433   0.0008591921
        0.0001096517  -0.0001991557   0.0002173725   0.1474405368  -0.0831087339
        0.1132452593   0.0002218851   0.0000007153   0.0015507735  -0.0000408706
        0.0000820002  -0.0000134765  -0.0000009301  -0.0000164934  -0.0000035941
        0.0000063280  -0.0000088324  -0.0000067135  -0.0000011130   0.0000051404
        0.0000076203
        0.0000625490   0.0000883799   0.0000198610   0.0000527339  -0.0000476928
       -0.0000105382   0.0000372679  -0.0000108243  -0.0000387528  -0.0003540073
        0.0001445264  -0.0003175953  -0.0035112471   0.0015689656   0.0016568535
       -0.0005880212  -0.0000829986  -0.0004046589  -0.0056533632   0.0051427336
       -0.0055832691  -0.0001092468   0.0000128423   0.0000244089  -0.0033228575
       -0.0034134577   0.0043426080   0.0786125367  -0.1137852556   0.0863818805
        0.0157277456  -0.0161386315   0.0178260407  -0.0000035493   0.0000134887
        0.0000202505  -0.0000727916  -0.0000496819  -0.0000453586   0.0003204918
       -0.0003036645  -0.0006299427  -0.0000065294   0.0002812107  -0.0016072559
        0.0008240633  -0.0009814007   0.0009691932  -0.0831087339   0.1275065595
       -0.1018436911   0.0011089934   0.0000282261  -0.0007655767  -0.0000103340
        0.0000202763  -0.0000044905   0.0000007450   0.0000142378  -0.0000017274
       -0.0000020478  -0.0000036474  -0.0000004092  -0.0000043977  -0.0000041918
        0.0000121700
        0.0000097644  -0.0001704995   0.0000318320  -0.0000714540   0.0000989002
       -0.0000338889  -0.0000878075  -0.0000385598   0.0001819304  -0.0002588389
        0.0006292751  -0.0002706702  -0.0044342421   0.0014209109   0.0051094317
        0.0004306344  -0.0004197514   0.0002536626  -0.0073435782   0.0048188372
       -0.0060843303   0.0003179531  -0.0001960585  -0.0003550540  -0.0015310866
        0.0045869109   0.0047041529  -0.0964067778   0.0862510110  -0.1344565755
       -0.0065346211   0.0073364538  -0.0068163903  -0.0000196718   0.0000288652
        0.0000448106  -0.0000860904   0.0000045260  -0.0000517362   0.0006287448
       -0.0006485383  -0.0011247755   0.0015295608  -0.0008877264  -0.0013127982
       -0.0003352664   0.0003719962  -0.0004599518   0.1132452593  -0.1018436911
        0.1419077439   0.0009490487  -0.0013768071  -0.0012707060  -0.0000097239
        0.0000509978  -0.0000031258  -0.0000004304  -0.0000209879   0.0000027316
        0.0000025010  -0.0000004566   0.0000015989   0.0000061226   0.0000043922
        0.0000021082
       -0.0000987815  -0.0001306915  -0.0000466708  -0.0001034215   0.0001217013
       -0.0000154719  -0.0001387118  -0.0000386340   0.0003088804  -0.0004824967
        0.0004653169   0.0006581980   0.0008377956   0.0005321141   0.0002231567
       -0.0001284018   0.0010461463  -0.0049823151   0.0018323932  -0.0033480003
       -0.0016197651   0.0003859129  -0.0002480224  -0.0004925963  -0.0182853953
       -0.0065412259  -0.0069995650  -0.0098071545  -0.0055783865  -0.0027972207
       -0.2420608849  -0.0880352068  -0.0685183921  -0.0000045884   0.0000375936
        0.0000423366   0.0001217722   0.0000021935   0.0000772353  -0.0009932821
       -0.0003685947  -0.0003476140  -0.0005489308  -0.0002023607  -0.0001370217
        0.0001276027   0.0001887302   0.0013543650   0.0002218851   0.0011089934
        0.0009490487   0.2690935440   0.1009617470   0.0823412349   0.0000213411
        0.0000489153  -0.0000014478   0.0000033939  -0.0000205393   0.0000045464
        0.0000080099  -0.0000026713  -0.0000085996  -0.0000016011   0.0000008819
        0.0000076780
       -0.0001739395  -0.0001362544  -0.0000826251  -0.0000005505  -0.0000601143
        0.0000544270  -0.0000536045   0.0000005024  -0.0000357312   0.0004480868
       -0.0001176442  -0.0004472759   0.0004171696  -0.0003615599   0.0004847951
        0.0008484500   0.0005853367   0.0043766102  -0.0030139557  -0.0033533484
        0.0043861601   0.0001889710   0.0000172612  -0.0000156096   0.0124274412
        0.0053335354   0.0043868839  -0.0246948852  -0.0118712248  -0.0069807448
       -0.0880139786  -0.0789347776  -0.0249519953  -0.0000050505   0.0000091813
       -0.0000055827  -0.0000974274  -0.0000113056  -0.0000769293   0.0006598217
        0.0001522036   0.0002654651  -0.0012639650  -0.0006690377  -0.0003139166
        0.0013108748   0.0002214604  -0.0007389626   0.0000007153   0.0000282261
       -0.0013768071   0.1009617470   0.0891421977   0.0210797314   0.0000546815
        0.0000342894  -0.0000063468  -0.0000000349  -0.0000008919  -0.0000003119
        0.0000001097  -0.0000020293  -0.0000042473  -0.0000006768  -0.0000060060
        0.0000030133
       -0.0000661891  -0.0001597371   0.0000101497  -0.0000304075  -0.0001258215
        0.0000159992   0.0000102404   0.0000174552  -0.0001484320   0.0008321552
       -0.0004504669  -0.0008610385   0.0000654531   0.0003881614  -0.0001138069
       -0.0048298969   0.0046003251   0.0025736614  -0.0016461793   0.0042387931
        0.0047312690   0.0001594575   0.0001686543   0.0001137754  -0.0173864315
       -0.0062000082  -0.0057315579   0.0074758236   0.0035732900   0.0028638075
       -0.0684874762  -0.0249578597  -0.0589172440  -0.0000249072  -0.0000073928
        0.0000070644  -0.0001404841   0.0000840369  -0.0000750807  -0.0009495700
       -0.0003269629  -0.0004225126   0.0003728573   0.0002113909   0.0000348898
        0.0007476177  -0.0013553073  -0.0013213303   0.0015507735  -0.0007655767
       -0.0012707060   0.0823412349   0.0210797314   0.0585127873  -0.0000018799
        0.0000045992   0.0000190305  -0.0000028667  -0.0000123654   0.0000019040
        0.0000021848   0.0000027379  -0.0000015418   0.0000084903  -0.0000076768
       -0.0000210876
       -0.1219876314  -0.0291730879   0.1832679715   0.0006350434  -0.0024085079
        0.0008046450  -0.0001778284  -0.0045750095  -0.0024347550  -0.0027361909
       -0.0082293005   0.0018928108  -0.0004936483  -0.0012840681   0.0008828329
       -0.0002646955  -0.0002033085  -0.0001285178   0.0003222218  -0.0003517236
        0.0002412369   0.0024149930   0.0060637517  -0.0018528345   0.0000418418
       -0.0001676055   0.0000114233  -0.0000133517   0.0002253550  -0.0002063048
       -0.0000058973   0.0001068816  -0.0000595278  -0.0000721635  -0.0000366969
        0.0002515404  -0.0004529611   0.0028076324  -0.0019030670  -0.0000216493
        0.0001073221  -0.0001077240  -0.0013468999   0.0001228969  -0.0004432324
       -0.0000374930   0.0000170539  -0.0000240953  -0.0000408706  -0.0000103340
       -0.0000097239   0.0000213411   0.0000546815  -0.0000018799   0.1242560517
        0.0367644646  -0.1801195845  -0.0000502640   0.0001351951  -0.0000008925
        0.0000368556   0.0000155884  -0.0000122655  -0.0000268037   0.0000188190
       -0.0000480561
       -0.0157491361  -0.0439524308   0.0211261630  -0.0007404825   0.0029149597
       -0.0007749969  -0.0010283126   0.0038506905  -0.0006022034  -0.0168842261
       -0.0118300343   0.0301868293  -0.0010997511  -0.0021880318   0.0006946648
       -0.0002587546  -0.0003796176  -0.0001457550   0.0005893556   0.0001952619
        0.0000013097  -0.0005931173  -0.0083059311   0.0048047785  -0.0000582381
       -0.0001836739   0.0000475602  -0.0000816954  -0.0000031479   0.0000115004
        0.0000083431  -0.0000044271   0.0000116107  -0.0000374299   0.0001250073
       -0.0000742496  -0.0009930159  -0.0040936387   0.0012312194  -0.0000542130
        0.0000889212  -0.0000682716   0.0000602869   0.0005908890  -0.0000720853
        0.0000059466   0.0000485264  -0.0000189250   0.0000820002   0.0000202763
        0.0000509978   0.0000489153   0.0000342894   0.0000045992   0.0367644646
        0.0631396807  -0.0564338551   0.0000872932  -0.0001197317  -0.0000148979
       -0.0000544328   0.0000527339  -0.0000239661  -0.0000138002  -0.0000005714
        0.0000579730
        0.1819848789   0.0414952931  -0.2734312757  -0.0002962086   0.0022172700
       -0.0007352198  -0.0036033499   0.0039214317   0.0001864155   0.0003715844
        0.0122259053  -0.0032992857  -0.0003351855  -0.0011383020  -0.0005995907
       -0.0002246678   0.0000911298  -0.0001525580  -0.0001760992  -0.0002825560
       -0.0001710300   0.0016375492  -0.0042411120   0.0028473028  -0.0000735135
        0.0000003049   0.0000723427  -0.0000908464  -0.0000395124   0.0000322459
       -0.0000111198   0.0000337861  -0.0000075002   0.0002509006  -0.0000536135
       -0.0002667377   0.0007578114   0.0025004300  -0.0012272590   0.0000449338
       -0.0000761273   0.0000727963  -0.0001115725   0.0000582631   0.0002507805
       -0.0000312726  -0.0000279803   0.0000254332  -0.0000134765  -0.0000044905
       -0.0000031258  -0.0000014478  -0.0000063468   0.0000190305  -0.1801195845
       -0.0564338551   0.2763118376   0.0000597150  -0.0001263653   0.0000837235
        0.0000180879  -0.0000508855  -0.0000494315  -0.0000371165  -0.0000626672
        0.0000411058
        0.0001027226  -0.0001115008  -0.0001351505  -0.0252147366  -0.0016932976
        0.0175800348   0.0003575352   0.0003714455  -0.0018281369   0.0003837707
       -0.0001611901   0.0001346365   0.0001004958  -0.0000716418  -0.0000097135
       -0.0000221419  -0.0000323414   0.0000804139   0.0000446209  -0.0000097315
        0.0000099003  -0.0000225972  -0.0020917000   0.0021079816   0.0000019280
        0.0000325370  -0.0000025045  -0.0000355305  -0.0000183330  -0.0000044628
       -0.0000063857   0.0000269367  -0.0000297157  -0.1600653566  -0.0984311114
        0.0623298031  -0.0000064756  -0.0000884154  -0.0001292230   0.0000630270
        0.0000682116  -0.0000903855  -0.0000117630   0.0000200381  -0.0000095978
        0.0000124052   0.0000130905   0.0000029410  -0.0000009301   0.0000007450
       -0.0000004304   0.0000033939  -0.0000000349  -0.0000028667  -0.0000502640
        0.0000872932   0.0000597150   0.1906334790   0.1116023404  -0.0804450469
        0.0079457250   0.0049261301  -0.0038642693  -0.0142129222  -0.0144394703
        0.0042460772
       -0.0000574789   0.0001826812   0.0000610431   0.0165512908   0.0077092037
       -0.0088484953  -0.0003802941  -0.0000947500  -0.0000530985  -0.0007046961
       -0.0002441309  -0.0000478966  -0.0000761408   0.0000807073   0.0000986073
        0.0000331807  -0.0000428891   0.0000115312  -0.0000566092  -0.0000231086
       -0.0000163158   0.0023286510   0.0011602307  -0.0013012962   0.0000342476
        0.0000208110  -0.0000007717   0.0000331219  -0.0000024760  -0.0000080701
        0.0000217855  -0.0000268530   0.0000247733  -0.1036756868  -0.1248595456
        0.0557599722   0.0000327410   0.0000132278   0.0000491165  -0.0000356334
       -0.0000584359  -0.0000148174   0.0000016746   0.0000310683  -0.0000156985
        0.0000092367  -0.0000061969  -0.0000058927  -0.0000164934   0.0000142378
       -0.0000209879  -0.0000205393  -0.0000008919  -0.0000123654   0.0001351951
       -0.0001197317  -0.0001263653   0.1116023404   0.1387491709  -0.0585368382
       -0.0140797673  -0.0133023358   0.0088715190  -0.0116801260  -0.0091799934
        0.0041323471
       -0.0000764413   0.0001154717  -0.0000072246   0.0225535582   0.0034325697
       -0.0140989259  -0.0005482480   0.0003150316  -0.0008543101   0.0000306504
        0.0000276917  -0.0001928611  -0.0001128574   0.0000510548  -0.0000018379
        0.0000353979  -0.0000091407  -0.0000549690  -0.0000565092  -0.0000110348
       -0.0000255576  -0.0002700882   0.0001120223   0.0020123129   0.0000071911
       -0.0000244892   0.0000101250   0.0000231716  -0.0000009391  -0.0000072527
        0.0000206756  -0.0000249508   0.0000283710   0.0615816336   0.0528131513
       -0.0759037045   0.0000338848   0.0000702751   0.0000598854  -0.0000697251
       -0.0000340362   0.0000476359  -0.0000008335   0.0000020554   0.0000144401
        0.0000023129   0.0000028346  -0.0000060484  -0.0000035941  -0.0000017274
        0.0000027316   0.0000045464  -0.0000003119   0.0000019040  -0.0000008925
       -0.0000148979   0.0000837235  -0.0804450469  -0.0585368382   0.0894778798
        0.0132288192   0.0146851359  -0.0081860098  -0.0159376054  -0.0129689277
        0.0075996922
       -0.0002058040   0.0003573281   0.0001310952  -0.0112968715   0.0208712485
       -0.0074720033   0.0005539611  -0.0009788135  -0.0005467840   0.0004204489
        0.0007059029   0.0001083298   0.0002770125   0.0000124925   0.0000200152
       -0.0000399389   0.0000265182  -0.0001107898  -0.0000118068  -0.0000387672
        0.0000147008  -0.0039402712   0.0007585958   0.0020684426   0.0000269853
       -0.0000094538   0.0000078907  -0.0000045338  -0.0000146276   0.0000123760
        0.0000081550  -0.0000104660   0.0000105959  -0.0719877281   0.0568391341
       -0.0589365995  -0.0000236383   0.0000313248  -0.0000127368  -0.0000836160
        0.0001041595   0.0000300535   0.0000150191  -0.0000172168   0.0000160362
       -0.0000269921  -0.0000033896  -0.0000045481   0.0000063280  -0.0000020478
        0.0000025010   0.0000080099   0.0000001097   0.0000021848   0.0000368556
       -0.0000544328   0.0000180879   0.0079457250  -0.0140797673   0.0132288192
        0.0849761974  -0.0748743536   0.0661248681  -0.0066534971   0.0103765218
       -0.0147125353
        0.0001532159  -0.0003335319  -0.0001392587   0.0121238345  -0.0191947596
        0.0067687138   0.0003574420   0.0008471146  -0.0007915055  -0.0003864266
       -0.0006398829   0.0001062403  -0.0001839485   0.0000624238   0.0000285044
       -0.0000136615  -0.0000230504   0.0000178266  -0.0000153664  -0.0000075548
       -0.0000003928   0.0042808493  -0.0029808882  -0.0004303558   0.0000128794
        0.0000115270  -0.0000091629  -0.0000000362  -0.0000053520  -0.0000154850
       -0.0000033533   0.0000072982  -0.0000077034   0.0581912873  -0.1495115903
        0.1068775708   0.0000438509  -0.0000117355   0.0000202298   0.0000498931
       -0.0000107191   0.0000127077  -0.0000190029   0.0000084455  -0.0000055533
       -0.0000012478   0.0000058995   0.0000019537  -0.0000088324  -0.0000036474
       -0.0000004566  -0.0000026713  -0.0000020293   0.0000027379   0.0000155884
        0.0000527339  -0.0000508855   0.0049261301  -0.0133023358   0.0146851359
       -0.0748743536   0.1765047202  -0.1203249280  -0.0046460703   0.0085269144
       -0.0067459333
        0.0001499035  -0.0003709734  -0.0000578709   0.0077685593  -0.0135225809
        0.0104867087  -0.0006427363  -0.0000242936   0.0011341081  -0.0001672537
       -0.0007135858  -0.0000282855  -0.0001444823   0.0000066872  -0.0000275140
       -0.0000104347   0.0000022024  -0.0000322712  -0.0000060373   0.0000047059
        0.0000005376   0.0032695614  -0.0008024134  -0.0023894105   0.0000048381
        0.0000218175  -0.0000043100   0.0000301772   0.0000031925   0.0000046620
        0.0000122337   0.0000077004   0.0000045218  -0.0628198140   0.1126366418
       -0.1471207422   0.0000071033   0.0000065749   0.0000861132   0.0000344914
       -0.0000501647   0.0000560681  -0.0000047229  -0.0000069874   0.0000028594
       -0.0000164728  -0.0000185993   0.0000047278  -0.0000067135  -0.0000004092
        0.0000015989  -0.0000085996  -0.0000042473  -0.0000015418  -0.0000122655
       -0.0000239661  -0.0000494315  -0.0038642693   0.0088715190  -0.0081860098
        0.0661248681  -0.1203249280   0.1630237320  -0.0096979340   0.0143021075
       -0.0169082501
       -0.0000061228   0.0000199574   0.0000059385   0.0083673059   0.0137622181
        0.0182601348   0.0006514473   0.0003313700   0.0000090400  -0.0008348368
        0.0001292525  -0.0004758916  -0.0000433748   0.0001145945   0.0001232842
       -0.0000222399   0.0000100766   0.0000520730  -0.0000128751   0.0000057188
       -0.0000225624  -0.0000513051   0.0001885642   0.0018474108  -0.0000177890
       -0.0000333966  -0.0000381186  -0.0000073483  -0.0000061242  -0.0000317418
       -0.0000270889  -0.0000094718  -0.0000150530  -0.1102592779  -0.0593598845
       -0.0967233416   0.0000505231  -0.0000140696  -0.0000984353   0.0000306506
        0.0000410365   0.0000055971   0.0000030382  -0.0000222497   0.0000177186
       -0.0000038743  -0.0000048393   0.0000034886  -0.0000011130  -0.0000043977
        0.0000061226  -0.0000016011  -0.0000006768   0.0000084903  -0.0000268037
       -0.0000138002  -0.0000371165  -0.0142129222  -0.0116801260  -0.0159376054
       -0.0066534971  -0.0046460703  -0.0096979340   0.1230791049   0.0611923182
        0.1027385017
       -0.0000101783  -0.0000337114   0.0001298703  -0.0015768851  -0.0160045785
       -0.0204397711  -0.0005344533   0.0008460914   0.0008024127   0.0007434887
        0.0000304787   0.0004462359   0.0001284636  -0.0001292682  -0.0001457052
       -0.0000083799   0.0000390059  -0.0000272933   0.0000149778   0.0000105628
        0.0000168337   0.0002178417   0.0002315990  -0.0035879368   0.0000188158
        0.0000357157   0.0000158189   0.0000190613   0.0000130410   0.0000500123
        0.0000254409   0.0000109067   0.0000077625  -0.0560518464  -0.0859921812
       -0.0711227137  -0.0001024028   0.0000377429   0.0001887671  -0.0000166328
       -0.0000430053   0.0000241515  -0.0000074173  -0.0000196558  -0.0000020620
       -0.0000141051  -0.0000063850   0.0000048615   0.0000051404  -0.0000041918
        0.0000043922   0.0000008819  -0.0000060060  -0.0000076768   0.0000188190
       -0.0000005714  -0.0000626672  -0.0144394703  -0.0091799934  -0.0129689277
        0.0103765218   0.0085269144   0.0143021075   0.0611923182   0.1016374895
        0.0923715277
        0.0000333602  -0.0000612029   0.0000386185   0.0026552129  -0.0185565151
       -0.0179148142  -0.0007352770  -0.0003163734  -0.0003108051   0.0007986165
        0.0002147284   0.0002772217   0.0000015786  -0.0002396747  -0.0001680966
        0.0000699234  -0.0000180509   0.0001044879   0.0000420910   0.0000548840
       -0.0000356977  -0.0005901455   0.0014506449  -0.0012531994  -0.0000080300
        0.0000181708   0.0000426557   0.0000021308   0.0000151163   0.0000192036
        0.0000247267  -0.0000013417   0.0000020348  -0.0944084318  -0.0723872823
       -0.1630140952  -0.0001001127   0.0000207804   0.0001327141  -0.0000464658
       -0.0000664827  -0.0000895857  -0.0000114738   0.0000101809  -0.0000120015
        0.0000330105   0.0000313202  -0.0000136003   0.0000076203   0.0000121700
        0.0000021082   0.0000076780   0.0000030133  -0.0000210876  -0.0000480561
        0.0000579730   0.0000411058   0.0042460772   0.0041323471   0.0075996922
       -0.0147125353  -0.0067459333  -0.0169082501   0.1027385017   0.0923715277
        0.1914813908
