           2           3  0.17315928279309245     
           1           4   1.0098821137788048     
           4           5  0.94901815019988356     
           5           6   1.4056249005278385     
           5           7   1.4211189590809907     
           2           8   1.1980991672072883     
           3           8   1.6779046151389609     
           4           8  0.93553489422147806     
           6           9   1.4510044707821204     
           7           9  0.11019127913066898     
           6          10  0.11276732142926382     
           7          10   1.4357229579725799     
           5          11  0.10843675944245784     
           9          11   1.4322252282670185     
          10          11   1.4450843651592438     
           2          12  0.92355732869549667     
           4          13  0.93958504421967903     
           6          14  0.96746335236498060     
           7          15  0.96644997278462719     
           9          16  0.96935407138810770     
          10          17  0.96963477935457676     
          11          18  0.96992076543033967     
           1          19  0.84604804365161934     
          12          20  0.97655172312963656     
          12          21  0.97357484035362285     
          12          22  0.97171870473285593     
