$coord
          5.435476743842          2.663261227249         -0.009384859622     c 
          7.998983944624          2.231395981188         -0.019803108131     c 
          8.982869604412         -0.224909004782         -0.017068479851     c 
          7.430865965404         -2.313078893640         -0.003997766457     c 
          4.831754169671         -1.904200935429          0.006812807489     c 
          3.818025669319          0.577564987770          0.004176248995     c 
          2.869121094130         -3.571976583045          0.021185061883     n 
          0.639266558053         -2.251257535707          0.028867811138     c 
          1.130985831288          0.282517673001          0.018627384329     c 
          4.655430415132          4.547468482300         -0.011132954579     h 
          9.284746030092          3.813587736555         -0.030107659199     h 
         11.005790499955         -0.473356632143         -0.025318804704     h 
          8.197336201106         -4.199711778053         -0.001925073462     h 
          3.014931519922         -5.473575258884          0.027789342082     h 
         -1.176066285804         -3.180529365718          0.044158490673     h 
         -0.530525944747          2.320393944366          0.021593760662     o 
         -3.490695195406          1.886521210303          0.003203014808     s 
         -4.545592234443          4.389305670467          0.000887362960     o 
         -4.147984798704          0.378697683079          2.227151423136     o 
         -4.120799506388          0.385291612115         -2.233024215175     o 
         -5.976858777152         -2.909196845496         -0.019629663792     k 
$end
