$hessian                                                                        
        0.6254180870  -0.0334884204  -0.1421193743  -0.3296879177  -0.0009766780
        0.0808242509  -0.0235112654   0.0830612128   0.0026437948  -0.0416391931
       -0.0234599142   0.0124877634   0.0448468863  -0.0207551360  -0.0121235356
       -0.1299109968  -0.0759064274   0.0269005839   0.0001783027  -0.0050232680
        0.0000403715  -0.0051843771   0.0143020205   0.0030176436  -0.0358581360
       -0.0357405792   0.0124471546  -0.0851794430   0.0948125666   0.0094328520
       -0.0202591827   0.0000909215   0.0055577243   0.0001430167   0.0025111433
        0.0015094529  -0.0004294921  -0.0002497470   0.0001638886   0.0007019453
        0.0015009881   0.0003442279  -0.0004535975  -0.0010863072  -0.0002821218
        0.0010420797   0.0001345919  -0.0004878742   0.0001085228   0.0006221862
        0.0002067057  -0.0003882465   0.0002173002  -0.0001312496  -0.0001333818
       -0.0004651356  -0.0001052022   0.0000169913  -0.0003698342  -0.0004840678
        0.0001793978   0.0002685159   0.0001570112
       -0.0334884204   0.6510800402  -0.0185878563   0.0702040132  -0.0976077886
       -0.0167848195   0.0279980742   0.0093575426  -0.0084030104  -0.0167431731
       -0.0047840344   0.0049344364   0.0090404692  -0.0471498479  -0.0006509109
       -0.1136152348  -0.2443841177   0.0411593736   0.0020120011  -0.0095486246
       -0.0003958748   0.0012372211   0.0100319308   0.0003753167  -0.0203592576
       -0.0071967481   0.0074901271   0.0944999017  -0.2563328538  -0.0144018788
       -0.0230975481   0.0013889303   0.0064002510   0.0027007236  -0.0045860689
       -0.0002063839  -0.0004146403   0.0005296440   0.0001792828  -0.0008469960
       -0.0007920339   0.0003929901  -0.0000860427   0.0002500696  -0.0003890302
        0.0022984440  -0.0009902086   0.0001599277  -0.0015760532   0.0016027698
       -0.0010008715  -0.0000122431  -0.0004424387  -0.0000789023   0.0002799196
       -0.0001675363  -0.0000226764   0.0001737624  -0.0004373213  -0.0000320432
       -0.0002049208   0.0001786952  -0.0001374472
       -0.1421193743  -0.0185878563   0.1547137089   0.0773183867   0.0031010847
       -0.0658176521   0.0054161533  -0.0236735467   0.0009120659   0.0118636119
        0.0067533328  -0.0056497704  -0.0132917076   0.0084409828   0.0014452833
        0.0291276859   0.0310296010  -0.0551179819   0.0009028021   0.0019408616
        0.0036442005   0.0023926455  -0.0040302949   0.0035010322   0.0105969207
        0.0095060845  -0.0068000108   0.0094262325  -0.0145307330  -0.0355423561
        0.0069270975  -0.0001176097  -0.0020846034   0.0015039507  -0.0001339337
        0.0056607930   0.0000765008   0.0000389533  -0.0002982731   0.0000032419
       -0.0003267890   0.0007768515   0.0004133109   0.0002233269   0.0008236892
       -0.0008889560   0.0003866330  -0.0001724607   0.0006989547  -0.0000210346
       -0.0006078112   0.0000159052  -0.0000740828   0.0001984735  -0.0000159712
        0.0000657862   0.0001540366  -0.0003536145  -0.0000368689   0.0003530502
       -0.0000137767   0.0000461026  -0.0000922650
       -0.3296879177   0.0702040132   0.0773183867   0.6337990833   0.0118099450
       -0.1473031667  -0.1206642587   0.0355012101   0.0181119600   0.0479768753
        0.0149557787  -0.0139410580  -0.0343789454   0.0182161252   0.0075851798
       -0.0566297687  -0.0598894852   0.0196567712  -0.0000162547   0.0078499808
        0.0001856893  -0.0007237924  -0.0119235110   0.0000123512   0.0137228952
        0.0067003852  -0.0034067488  -0.0123204028   0.0038138790   0.0034506753
       -0.1276933799  -0.1181609427   0.0328550648  -0.0139284007   0.0257837447
        0.0028089786  -0.0003384654  -0.0034160553   0.0026307501   0.0000054475
       -0.0006200034  -0.0002723063   0.0003202651  -0.0002322071   0.0002136628
        0.0007170863  -0.0003384451  -0.0000265980  -0.0002963010  -0.0006654451
       -0.0000928580   0.0001344927   0.0000164775   0.0000421316  -0.0000446918
        0.0002781038   0.0000219223   0.0001509112   0.0002343305   0.0002144455
       -0.0001044773  -0.0001178787  -0.0000652334
       -0.0009766780  -0.0976077886   0.0031010847   0.0118099450   0.6329582475
       -0.0307986405   0.1105630445  -0.2613259231  -0.0198036905  -0.0376137562
       -0.0645467306   0.0140625464   0.0314551840  -0.0106587336  -0.0089748058
       -0.0108495815   0.0308500225   0.0014384934  -0.0046092458  -0.0068434163
        0.0010146314   0.0016240487   0.0059569386   0.0002379852  -0.0098407080
       -0.0096952764   0.0040000168   0.0266085123  -0.0059063834  -0.0072432230
       -0.1178488349  -0.2072366550   0.0425056117   0.0029900161  -0.0042861853
       -0.0005963453  -0.0028386873  -0.0028569385   0.0014392950   0.0001280878
        0.0006966390   0.0001548703  -0.0003621832  -0.0003033893  -0.0004182729
       -0.0002607953   0.0007854497  -0.0000527796  -0.0002031683   0.0002924350
        0.0002842044   0.0000193399  -0.0000363117  -0.0000941402   0.0000769815
       -0.0001646436  -0.0001021919   0.0001258331  -0.0001787105  -0.0002529100
        0.0000026456   0.0001073537   0.0000982605
        0.0808242509  -0.0167848195  -0.0658176521  -0.1473031667  -0.0307986405
        0.1567634000   0.0142154404   0.0012513250  -0.0531669984  -0.0110431098
       -0.0008829704   0.0048533649   0.0064311690  -0.0047473987  -0.0072543246
        0.0168074986   0.0150078946  -0.0043220222   0.0003433653  -0.0020034515
       -0.0002782339   0.0000883543   0.0030110926   0.0003436335  -0.0016238335
       -0.0010432763   0.0064734261   0.0022075096  -0.0006864016   0.0000255647
        0.0328943745   0.0425792089  -0.0446242784   0.0039198032  -0.0069268285
       -0.0000630912   0.0026727754   0.0015841420   0.0079315357  -0.0000635095
        0.0001678273  -0.0001923452  -0.0002785486   0.0000460304  -0.0005709137
       -0.0001235061   0.0001246882  -0.0000850092   0.0000561212   0.0000493774
       -0.0001706044   0.0000041207  -0.0000078195   0.0000766968   0.0000240011
        0.0000036070   0.0000800074  -0.0000369446   0.0000184711   0.0000858102
       -0.0000161656   0.0000379420  -0.0000879660
       -0.0235112654   0.0279980742   0.0054161533  -0.1206642587   0.1105630445
        0.0142154404   0.6334656295   0.0166322834  -0.1452739580  -0.1654152880
       -0.1505697451   0.0418781081  -0.0437828778  -0.0234119415   0.0134340237
        0.0037718354  -0.0027932366  -0.0024477403  -0.0014076539   0.0038774794
        0.0016704911  -0.0029662218   0.0012720407   0.0009512703  -0.0023354320
       -0.0016758358   0.0006189940  -0.0045181332   0.0012001620   0.0037688528
        0.0053454733  -0.0152378369  -0.0006022445  -0.2843256153   0.0235682200
        0.0686260584   0.0063302650   0.0087500100  -0.0022163503  -0.0002327242
       -0.0000261666   0.0001588026  -0.0002412617   0.0002591747   0.0000272836
        0.0006367965  -0.0003668067  -0.0001259102  -0.0001121066  -0.0001362089
        0.0000658378   0.0000465006  -0.0000318134  -0.0000413039  -0.0000211436
        0.0000992570  -0.0000786133   0.0000317711   0.0000181793  -0.0000578156
       -0.0000942891   0.0000116663   0.0000126203
        0.0830612128   0.0093575426  -0.0236735467   0.0355012101  -0.2613259231
        0.0012513250   0.0166322834   0.6361126242  -0.0314338627  -0.0804794335
       -0.2697183684   0.0337495507  -0.0724036076   0.0199921947   0.0202371584
       -0.0176773485  -0.0496681604   0.0069560036   0.0070272549   0.0134903388
       -0.0020002114  -0.0016487632  -0.0098979502   0.0000064089   0.0106785238
        0.0070044769  -0.0036203521   0.0004985957   0.0014742630   0.0002848770
        0.0075689345  -0.0246466393  -0.0009546637   0.0232723410  -0.0452892392
       -0.0057940549  -0.0133173911  -0.0249035217   0.0048662064   0.0003534455
       -0.0013094417  -0.0003505060   0.0003960391  -0.0000892502   0.0003314152
        0.0004040251  -0.0004136905  -0.0000675028  -0.0000152930  -0.0008263439
       -0.0000510944   0.0000447000   0.0002550658   0.0000668010   0.0000288334
        0.0003773230  -0.0000080379   0.0000644894   0.0002786652   0.0001755240
        0.0000099484  -0.0002539655   0.0000285622
        0.0026437948  -0.0084030104   0.0009120659   0.0181119600  -0.0198036905
       -0.0531669984  -0.1452739580  -0.0314338627   0.1574641795   0.0382662525
        0.0534819795  -0.0566067701   0.0158317901   0.0055088334  -0.0047282052
       -0.0016624131   0.0030599723  -0.0050868462   0.0016386404  -0.0015082562
        0.0046632656   0.0009955618   0.0002476621   0.0004665203   0.0000749296
        0.0001357712  -0.0001796369   0.0038075802   0.0000523589   0.0078163436
       -0.0018348317   0.0056373939   0.0004753701   0.0686892201  -0.0058845926
       -0.0522111736  -0.0011296263  -0.0011662841   0.0001933259   0.0001192181
        0.0000429699   0.0004712673  -0.0000109570  -0.0000779492  -0.0001341060
       -0.0002061189   0.0000066562  -0.0001885795   0.0000173025   0.0000660035
       -0.0001152288  -0.0000442432   0.0000361830   0.0000002048   0.0000037305
       -0.0000387536   0.0000481887  -0.0000607944   0.0000267261   0.0000311449
        0.0000229621   0.0000138893  -0.0001243321
       -0.0416391931  -0.0167431731   0.0118636119   0.0479768753  -0.0376137562
       -0.0110431098  -0.1654152880  -0.0804794335   0.0382662525   0.5990251588
       -0.0128981137  -0.1363099032  -0.2831072594   0.0259769998   0.0653909371
       -0.0119714114   0.0596753852   0.0007780392  -0.0357717439  -0.0175596735
        0.0095066066   0.0012198731   0.0021430702   0.0009177817  -0.0055695981
       -0.0008092510   0.0027234354  -0.0002666780  -0.0005548300  -0.0000036267
        0.0003623603   0.0025216380   0.0015303952  -0.0189937312  -0.0230825996
        0.0064326671  -0.0850445465   0.0967017810   0.0098235458   0.0006791875
        0.0015657022  -0.0001371667  -0.0007006060   0.0007146248   0.0003485049
       -0.0002407122   0.0002563806   0.0004084867  -0.0006845037   0.0005030504
       -0.0003540817   0.0000273620  -0.0001018296   0.0000157731   0.0001821082
       -0.0000833461   0.0000451721   0.0000438787  -0.0001363818   0.0000648179
       -0.0001115325   0.0000037560  -0.0002681390
       -0.0234599142  -0.0047840344   0.0067533328   0.0149557787  -0.0645467306
       -0.0008829704  -0.1505697451  -0.2697183684   0.0534819795  -0.0128981137
        0.6887890067  -0.0259927033   0.0731920536  -0.0895154327  -0.0186390234
        0.0284199868   0.0089745664  -0.0083453695  -0.0261284963   0.0005702865
        0.0072598686  -0.0033739953  -0.0016372568   0.0010369446   0.0009229856
       -0.0059001239   0.0002938868  -0.0005378462   0.0002844345   0.0001141574
        0.0023342760  -0.0048655105  -0.0000736249  -0.0002984982   0.0009188996
        0.0000952751   0.0979119615  -0.2611055723  -0.0152298648  -0.0005166711
        0.0013395171   0.0001261188  -0.0010884475   0.0007161847   0.0003913507
        0.0009433180   0.0004660193  -0.0002510594   0.0004558807  -0.0004031268
       -0.0001300625  -0.0000192710   0.0001438286   0.0000912274  -0.0001239913
        0.0001113611   0.0000702483  -0.0000996343   0.0001566579  -0.0000473932
       -0.0000216169   0.0000053939  -0.0001223186
        0.0124877634   0.0049344364  -0.0056497704  -0.0139410580   0.0140625464
        0.0048533649   0.0418781081   0.0337495507  -0.0566067701  -0.1363099032
       -0.0259927033   0.1476693717   0.0634560433  -0.0049440649  -0.0604604177
        0.0016483097  -0.0172381911   0.0003182969   0.0100030605   0.0048041731
       -0.0059458993   0.0005938594  -0.0010948852   0.0024186423   0.0028733368
        0.0009545117   0.0026774277   0.0000197350   0.0001306246  -0.0003059209
        0.0014587067  -0.0001250235   0.0055484717   0.0052999670   0.0064249307
       -0.0019471871   0.0100330532  -0.0150816576  -0.0332585215  -0.0005040797
       -0.0005236629  -0.0009276493   0.0007120677   0.0000380832   0.0013975626
        0.0000822348  -0.0000064445   0.0001596848   0.0001216774  -0.0002689592
       -0.0001419249   0.0000563816   0.0000033924   0.0000723472   0.0000371158
        0.0000760072   0.0000816206  -0.0000767318   0.0001143254   0.0001444019
        0.0000703522  -0.0000169895  -0.0000971311
        0.0448468863   0.0090404692  -0.0132917076  -0.0343789454   0.0314551840
        0.0064311690  -0.0437828778  -0.0724036076   0.0158317901  -0.2831072594
        0.0731920536   0.0634560433   0.7388100489  -0.0080002627  -0.1682043247
       -0.1199843676   0.0443078065   0.0150060344  -0.1917694205  -0.0910754837
        0.0466148760  -0.0640627235  -0.0126039443   0.0186068792  -0.0287054567
        0.0245564563   0.0077635993  -0.0006687895  -0.0029301598   0.0023363006
       -0.0000500820   0.0008837880  -0.0000017908  -0.0001659856  -0.0026550430
        0.0025843153  -0.0125047076   0.0045449946   0.0038190772   0.0065399980
       -0.0004280965  -0.0046488844  -0.0038549913   0.0032880201   0.0023158372
       -0.0036227356  -0.0016421751   0.0023165216  -0.0024922160   0.0004914120
        0.0001672372   0.0000543056  -0.0001088573  -0.0003902392  -0.0001778522
        0.0001744942  -0.0002850984   0.0002238577   0.0000240729   0.0002577110
       -0.0011466858  -0.0001111215  -0.0006853462
       -0.0207551360  -0.0471498479   0.0084409828   0.0182161252  -0.0106587336
       -0.0047473987  -0.0234119415   0.0199921947   0.0055088334   0.0259769998
       -0.0895154327  -0.0049440649  -0.0080002627   0.5742426527  -0.0185574370
        0.0791355603  -0.2298686804  -0.0129861445  -0.1118212625  -0.1854089949
        0.0410018729  -0.0141601956  -0.0062856146   0.0019488421   0.0428077652
        0.0100344883  -0.0147053269  -0.0024459740  -0.0019853983   0.0011778236
        0.0006745006   0.0004354042  -0.0003441097  -0.0033295529  -0.0034616165
        0.0015059910   0.0266993859  -0.0054807074  -0.0070387455  -0.0162387855
       -0.0182320353   0.0027574931   0.0025882614  -0.0018820880   0.0003585357
        0.0038756517  -0.0040419985   0.0000393960  -0.0010669514  -0.0007913300
       -0.0013433678   0.0009152424  -0.0005240716   0.0003297102   0.0006377562
        0.0005770772   0.0002578399  -0.0000247635   0.0003760480   0.0013872603
       -0.0002724232  -0.0003713155  -0.0000479861
       -0.0121235356  -0.0006509109   0.0014452833   0.0075851798  -0.0089748058
       -0.0072543246   0.0134340237   0.0202371584  -0.0047282052   0.0653909371
       -0.0186390234  -0.0604604177  -0.1682043247  -0.0185574370   0.1714836457
        0.0128871121  -0.0037460826  -0.0638365573   0.0422526302   0.0312314678
       -0.0547012413   0.0210098801   0.0042668043   0.0006672520   0.0071213703
       -0.0086665262   0.0016188312   0.0022370515   0.0012946029   0.0063430006
        0.0001087099  -0.0002460008   0.0003930184   0.0025680826   0.0013207189
        0.0077638604   0.0024212136  -0.0009721984   0.0003190190  -0.0011422230
        0.0012461946  -0.0053683614   0.0019755636  -0.0006519322   0.0020365110
        0.0000329363   0.0022229750   0.0031523167   0.0016915724  -0.0001576673
        0.0010057507   0.0002153766  -0.0003095929  -0.0000729091   0.0000952268
       -0.0001076821  -0.0002060481   0.0001338348  -0.0003139881  -0.0005978438
        0.0003093820   0.0001739256   0.0009974195
       -0.1299109968  -0.1136152348   0.0291276859  -0.0566297687  -0.0108495815
        0.0168074986   0.0037718354  -0.0176773485  -0.0016624131  -0.0119714114
        0.0284199868   0.0016483097  -0.1199843676   0.0791355603   0.0128871121
        0.5876465948   0.0947101266  -0.1348910574  -0.0011307672   0.0088114755
        0.0039964646  -0.0206201643  -0.0727944739   0.0092043960  -0.2268700578
       -0.0036815983   0.0480735529   0.0071470985   0.0090925372  -0.0022221490
       -0.0050282116   0.0006264018   0.0040469796   0.0007864325  -0.0002859752
       -0.0001786885  -0.0041355941   0.0004988613   0.0028898355  -0.0027649580
       -0.0043556518   0.0006281216   0.0009656430  -0.0016208062   0.0028029566
       -0.0216038141   0.0043046985   0.0061180350  -0.0002654593   0.0006558226
        0.0010069328   0.0004957073  -0.0008342435  -0.0002634886   0.0006892211
        0.0001522978  -0.0000732611   0.0006119167  -0.0003453887   0.0012525334
       -0.0011988780  -0.0003474659  -0.0011993565
       -0.0759064274  -0.2443841177   0.0310296010  -0.0598894852   0.0308500225
        0.0150078946  -0.0027932366  -0.0496681604   0.0030599723   0.0596753852
        0.0089745664  -0.0172381911   0.0443078065  -0.2298686804  -0.0037460826
        0.0947101266   0.6776538333  -0.0541874510  -0.0195563734  -0.0584007479
        0.0088232888  -0.0230114627  -0.0290433602   0.0091509848  -0.0277933601
       -0.0726426864   0.0085802799  -0.0137321247  -0.0270372057   0.0053125557
        0.0012024114   0.0010837837   0.0002517986  -0.0000724932  -0.0006438308
        0.0001040522   0.0000207577   0.0010219697   0.0001352750  -0.0041518359
       -0.0009328016   0.0010653647   0.0002997380  -0.0051889508   0.0002079290
        0.0262449481  -0.0004974218  -0.0056333101  -0.0003722093  -0.0011747316
       -0.0025148949   0.0009676628  -0.0004893299   0.0006109062   0.0004337347
        0.0004987455   0.0001846893  -0.0001530815   0.0000389718   0.0002274232
       -0.0004304813  -0.0001498676  -0.0004320856
        0.0269005839   0.0411593736  -0.0551179819   0.0196567712   0.0014384934
       -0.0043220222  -0.0024477403   0.0069560036  -0.0050868462   0.0007780392
       -0.0083453695   0.0003182969   0.0150060344  -0.0129861445  -0.0638365573
       -0.1348910574  -0.0541874510   0.1626044299   0.0003129973   0.0010008035
        0.0040243864   0.0090440111   0.0217749335   0.0001201173   0.0516942696
        0.0043606657  -0.0598922869  -0.0008777225  -0.0010382308   0.0018474346
        0.0038689117   0.0002351731   0.0075494756  -0.0002359529   0.0001041600
        0.0000216135   0.0030913863   0.0001312611   0.0059498740   0.0018966876
        0.0013575986   0.0031128752   0.0018135523   0.0009139208   0.0053356494
        0.0054239011  -0.0036430803  -0.0018755891   0.0005832028   0.0012500633
        0.0003422884  -0.0009912372   0.0007042728  -0.0003172246  -0.0005243653
       -0.0010059936  -0.0003797579  -0.0004610669  -0.0003449079  -0.0009518083
        0.0003587940   0.0001644546   0.0005536331
        0.0001783027   0.0020120011   0.0009028021  -0.0000162547  -0.0046092458
        0.0003433653  -0.0014076539   0.0070272549   0.0016386404  -0.0357717439
       -0.0261284963   0.0100030605  -0.1917694205  -0.1118212625   0.0422526302
       -0.0011307672  -0.0195563734   0.0003129973   0.5543889145  -0.0483132645
       -0.1310996770  -0.2415533716   0.1052613475   0.0599934873   0.0001641292
        0.0270514297   0.0046502049  -0.0001147274   0.0001464520  -0.0001448078
        0.0000509091   0.0000507223  -0.0001462289  -0.0010618040  -0.0013110844
        0.0006323500   0.0018432182  -0.0006040130  -0.0010436278  -0.0485095218
        0.0461520764   0.0068087136  -0.0218082020   0.0106052679   0.0024632319
       -0.0154826489   0.0119065722   0.0025450989   0.0079433560   0.0030597165
        0.0045661813  -0.0026553555   0.0019086955  -0.0004329900  -0.0018800031
       -0.0023760929  -0.0003023399  -0.0010383759  -0.0010373292  -0.0041253120
       -0.0003689794   0.0005756258   0.0001822198
       -0.0050232680  -0.0095486246   0.0019408616   0.0078499808  -0.0068434163
       -0.0020034515   0.0038774794   0.0134903388  -0.0015082562  -0.0175596735
        0.0005702865   0.0048041731  -0.0910754837  -0.1854089949   0.0312314678
        0.0088114755  -0.0584007479   0.0010008035  -0.0483132645   0.8254540124
       -0.0566945029   0.0925637645  -0.1302822160  -0.0189303912   0.0088783522
       -0.0661161619  -0.0009746029  -0.0007330355  -0.0019120135   0.0003529001
        0.0000680564  -0.0000316694  -0.0000386444   0.0003640427   0.0001937239
       -0.0000329620   0.0003663733   0.0008397906  -0.0003484218   0.0454588488
       -0.3755104567   0.0383722837  -0.0121132547   0.0071911995   0.0032233205
        0.0072222267  -0.0121608987  -0.0001860781  -0.0040132219  -0.0031163396
       -0.0021466961   0.0016721296  -0.0006800004   0.0002976563   0.0008739830
        0.0015753064   0.0000189379   0.0009033610   0.0006530504   0.0020423914
       -0.0000788719   0.0000438315  -0.0004207888
        0.0000403715  -0.0003958748   0.0036442005   0.0001856893   0.0010146314
       -0.0002782339   0.0016704911  -0.0020002114   0.0046632656   0.0095066066
        0.0072598686  -0.0059458993   0.0466148760   0.0410018729  -0.0547012413
        0.0039964646   0.0088232888   0.0040243864  -0.1310996770  -0.0566945029
        0.0983915998   0.0508338807  -0.0152273266  -0.0484009918  -0.0006109525
       -0.0079417981   0.0080001759  -0.0000798982   0.0000554576  -0.0003825749
       -0.0002734071  -0.0000563137  -0.0008227274   0.0005424563   0.0004040628
        0.0008860800  -0.0010622085   0.0000827029  -0.0013875408   0.0068634362
        0.0322543910  -0.0076023284   0.0064312274  -0.0045549928  -0.0048758239
        0.0062550017  -0.0024026536   0.0050409476  -0.0024021960  -0.0015303358
       -0.0027274954   0.0009484040  -0.0005170459   0.0003676182   0.0006182660
        0.0005822569   0.0003247483   0.0002409422   0.0004023928   0.0014220270
        0.0007802256  -0.0005598699   0.0003598076
       -0.0051843771   0.0012372211   0.0023926455  -0.0007237924   0.0016240487
        0.0000883543  -0.0029662218  -0.0016487632   0.0009955618   0.0012198731
       -0.0033739953   0.0005938594  -0.0640627235  -0.0141601956   0.0210098801
       -0.0206201643  -0.0230114627   0.0090440111  -0.2415533716   0.0925637645
        0.0508338807   0.6280959838   0.0839103257  -0.1739260934  -0.0894564127
       -0.0548171362   0.0144147178   0.0001518147   0.0001478713  -0.0000533531
       -0.0005668802  -0.0000358578  -0.0000670562  -0.0000874536  -0.0003014406
        0.0000052391  -0.0001850087   0.0000990736   0.0000831222  -0.0008148667
        0.0034941081  -0.0008451467  -0.2127965061  -0.1055195428   0.0792410569
        0.0107696630   0.0195760281  -0.0032032162  -0.0041383394  -0.0021278996
       -0.0025083230   0.0010678733  -0.0009221182   0.0000644697   0.0009731646
        0.0023254740  -0.0000162145   0.0003873236   0.0010814217   0.0026785253
        0.0004904221  -0.0001409248  -0.0008259209
        0.0143020205   0.0100319308  -0.0040302949  -0.0119235110   0.0059569386
        0.0030110926   0.0012720407  -0.0098979502   0.0002476621   0.0021430702
       -0.0016372568  -0.0010948852  -0.0126039443  -0.0062856146   0.0042668043
       -0.0727944739  -0.0290433602   0.0217749335   0.1052613475  -0.1302822160
       -0.0152273266   0.0839103257   0.6611185364  -0.0663263857  -0.0244803533
       -0.3675565957   0.0175064536  -0.0000331745  -0.0000936830  -0.0000186069
       -0.0000504475   0.0001186250   0.0000507225  -0.0002380871  -0.0002059206
        0.0000632716   0.0003033449  -0.0001019234  -0.0001408902   0.0205905873
       -0.0131843292  -0.0071529486  -0.1008565846  -0.1024335033   0.0454425696
       -0.0064133855  -0.0187483328   0.0006982485   0.0050278776   0.0012318420
        0.0006334312  -0.0019299860   0.0020329054   0.0006501786  -0.0008337261
       -0.0016868733   0.0012778896  -0.0016520756   0.0007480465  -0.0018169891
        0.0009991348  -0.0000812659   0.0001850694
        0.0030176436   0.0003753167   0.0035010322   0.0000123512   0.0002379852
        0.0003436335   0.0009512703   0.0000064089   0.0004665203   0.0009177817
        0.0010369446   0.0024186423   0.0186068792   0.0019488421   0.0006672520
        0.0092043960   0.0091509848   0.0001201173   0.0599934873  -0.0189303912
       -0.0484009918  -0.1739260934  -0.0663263857   0.1472858985   0.0150048350
        0.0348621293  -0.0474626134  -0.0000694482  -0.0001112559  -0.0001717543
       -0.0001184523  -0.0000729408  -0.0006810717  -0.0001026415   0.0000795574
       -0.0004181611  -0.0000154944   0.0000503242  -0.0000264211  -0.0043718696
       -0.0000694381  -0.0057333729   0.0738855321   0.0424099524  -0.0499759877
       -0.0021220580  -0.0067090893  -0.0017310114  -0.0003752624  -0.0014191052
       -0.0013782275  -0.0001160245   0.0007394645   0.0002999356  -0.0000900771
        0.0018620743   0.0005595913  -0.0001995574   0.0009823276   0.0004561507
       -0.0000871977  -0.0001037058  -0.0001391607
       -0.0358581360  -0.0203592576   0.0105969207   0.0137228952  -0.0098407080
       -0.0016238335  -0.0023354320   0.0106785238   0.0000749296  -0.0055695981
        0.0009229856   0.0028733368  -0.0287054567   0.0428077652   0.0071213703
       -0.2268700578  -0.0277933601   0.0516942696   0.0001641292   0.0088783522
       -0.0006109525  -0.0894564127  -0.0244803533   0.0150048350   0.5281836474
       -0.0593009390  -0.0992958126   0.0005828453   0.0014117313  -0.0006314445
       -0.0000453407   0.0004011759   0.0000790511   0.0003937185   0.0001185946
       -0.0004087626  -0.0004700456  -0.0000689711   0.0001097690  -0.0041014372
        0.0043555589   0.0023762706  -0.0041704384  -0.0223263956   0.0001799051
       -0.1061516640   0.0789629029   0.0256461711  -0.0382516868   0.0146775058
       -0.0145730963  -0.0021910678   0.0001018919  -0.0021875435   0.0017933487
        0.0015289999  -0.0002875969  -0.0003323703   0.0003560872   0.0044041857
       -0.0003314402  -0.0010320902  -0.0005419723
       -0.0357405792  -0.0071967481   0.0095060845   0.0067003852  -0.0096952764
       -0.0010432763  -0.0016758358   0.0070044769   0.0001357712  -0.0008092510
       -0.0059001239   0.0009545117   0.0245564563   0.0100344883  -0.0086665262
       -0.0036815983  -0.0726426864   0.0043606657   0.0270514297  -0.0661161619
       -0.0079417981  -0.0548171362  -0.3675565957   0.0348621293  -0.0593009390
        0.6783917280  -0.0069451348  -0.0003406943   0.0003285117   0.0000767776
       -0.0015399582  -0.0002117538   0.0006208127  -0.0002068086  -0.0000552147
       -0.0000199109   0.0007679423  -0.0002955987  -0.0002323559   0.0027443398
        0.0007381363  -0.0001925260  -0.0039895162  -0.0095657588  -0.0026454626
        0.0798801944  -0.1533475818  -0.0363582916   0.0240340830   0.0000198414
        0.0178805419   0.0000744827   0.0010870919  -0.0010493253  -0.0016756177
       -0.0043764327  -0.0008302174  -0.0009027126  -0.0014193420  -0.0019878297
       -0.0011286664   0.0007750003  -0.0004846397
        0.0124471546   0.0074901271  -0.0068000108  -0.0034067488   0.0040000168
        0.0064734261   0.0006189940  -0.0036203521  -0.0001796369   0.0027234354
        0.0002938868   0.0026774277   0.0077635993  -0.0147053269   0.0016188312
        0.0480735529   0.0085802799  -0.0598922869   0.0046502049  -0.0009746029
        0.0080001759   0.0144147178   0.0175064536  -0.0474626134  -0.0992958126
       -0.0069451348   0.1372018389  -0.0006625463  -0.0006086208  -0.0017868124
        0.0002348024  -0.0000937695   0.0009309914  -0.0003804254  -0.0000839970
       -0.0008047023  -0.0002172850   0.0000443341  -0.0005753541   0.0011658118
       -0.0002925707   0.0007250991   0.0006777235   0.0083462358  -0.0005944808
        0.0242804534  -0.0313097729  -0.0399706125  -0.0054609057   0.0078941760
        0.0016383641  -0.0048978034   0.0021772404  -0.0008181041   0.0000015141
        0.0011887171  -0.0000802026  -0.0014468097   0.0012989933   0.0006338889
       -0.0012836273  -0.0001863133  -0.0009352264
       -0.0851794430   0.0944999017   0.0094262325  -0.0123204028   0.0266085123
        0.0022075096  -0.0045181332   0.0004985957   0.0038075802  -0.0002666780
       -0.0005378462   0.0000197350  -0.0006687895  -0.0024459740   0.0022370515
        0.0071470985  -0.0137321247  -0.0008777225  -0.0001147274  -0.0007330355
       -0.0000798982   0.0001518147  -0.0000331745  -0.0000694482   0.0005828453
       -0.0003406943  -0.0006625463   0.0951090281  -0.1059062496  -0.0146486419
        0.0004807071   0.0006299593  -0.0010285500  -0.0007716607   0.0013617762
        0.0001341971  -0.0001052752  -0.0000457559  -0.0005653139  -0.0001566966
       -0.0002831868   0.0001601251   0.0000242067   0.0000184169   0.0000250164
        0.0004724460   0.0003638951   0.0000014583  -0.0005745964  -0.0004782395
       -0.0001921691   0.0002642346   0.0001212215   0.0000216022   0.0003081575
        0.0003131588  -0.0000349729   0.0001692792   0.0001671106   0.0001496996
       -0.0000334147  -0.0000462670  -0.0000309445
        0.0948125666  -0.2563328538  -0.0145307330   0.0038138790  -0.0059063834
       -0.0006864016   0.0012001620   0.0014742630   0.0000523589  -0.0005548300
        0.0002844345   0.0001306246  -0.0029301598  -0.0019853983   0.0012946029
        0.0090925372  -0.0270372057  -0.0010382308   0.0001464520  -0.0019120135
        0.0000554576   0.0001478713  -0.0000936830  -0.0001112559   0.0014117313
        0.0003285117  -0.0006086208  -0.1059062496   0.2897995888   0.0153640765
       -0.0006302016   0.0009451382  -0.0000296798   0.0002076400  -0.0004234654
       -0.0000462420   0.0000066900  -0.0000131178  -0.0000971150  -0.0003093242
       -0.0000019063   0.0000513855   0.0000770607   0.0000828283   0.0000113765
       -0.0005999886   0.0010660899  -0.0001948912  -0.0006500305  -0.0004939936
        0.0004544544   0.0001723684   0.0000538607  -0.0000021814   0.0001627038
        0.0001088264  -0.0000538921   0.0003213805   0.0000425835  -0.0000463687
        0.0000077415   0.0000138957   0.0000312753
        0.0094328520  -0.0144018788  -0.0355423561   0.0034506753  -0.0072432230
        0.0000255647   0.0037688528   0.0002848770   0.0078163436  -0.0000036267
        0.0001141574  -0.0003059209   0.0023363006   0.0011778236   0.0063430006
       -0.0022221490   0.0053125557   0.0018474346  -0.0001448078   0.0003529001
       -0.0003825749  -0.0000533531  -0.0000186069  -0.0001717543  -0.0006314445
        0.0000767776  -0.0017868124  -0.0146486419   0.0153640765   0.0266932260
       -0.0009540038  -0.0003897249  -0.0027621151   0.0001963083  -0.0003757585
       -0.0000882703  -0.0005434265  -0.0000920739  -0.0019150659   0.0001561451
        0.0000500214   0.0002860348   0.0000337392  -0.0000232467   0.0001066365
       -0.0001961566  -0.0002066392  -0.0002127690   0.0000515184   0.0000728436
        0.0006119906  -0.0000415257   0.0000096551  -0.0001673002  -0.0000363588
       -0.0000384943  -0.0001182884   0.0001174910   0.0000043415  -0.0002797390
       -0.0000683883  -0.0000303832   0.0000027350
       -0.0202591827  -0.0230975481   0.0069270975  -0.1276933799  -0.1178488349
        0.0328943745   0.0053454733   0.0075689345  -0.0018348317   0.0003623603
        0.0023342760   0.0014587067  -0.0000500820   0.0006745006   0.0001087099
       -0.0050282116   0.0012024114   0.0038689117   0.0000509091   0.0000680564
       -0.0002734071  -0.0005668802  -0.0000504475  -0.0001184523  -0.0000453407
       -0.0015399582   0.0002348024   0.0004807071  -0.0006302016  -0.0009540038
        0.1466742824   0.1298418933  -0.0415152405   0.0006021466   0.0009131444
       -0.0007906521   0.0002033841   0.0004744046  -0.0000533070  -0.0000119207
        0.0000859014  -0.0000260573  -0.0000036939  -0.0001076704  -0.0000177562
       -0.0002081560   0.0002201671  -0.0000169520   0.0002654859  -0.0002734564
        0.0002410077  -0.0000479258   0.0000959747  -0.0000306571  -0.0000461814
        0.0000493360  -0.0000405499  -0.0000335014   0.0000541706  -0.0000728624
        0.0000097076  -0.0000350538   0.0000111190
        0.0000909215   0.0013889303  -0.0001176097  -0.1181609427  -0.2072366550
        0.0425792089  -0.0152378369  -0.0246466393   0.0056373939   0.0025216380
       -0.0048655105  -0.0001250235   0.0008837880   0.0004354042  -0.0002460008
        0.0006264018   0.0010837837   0.0002351731   0.0000507223  -0.0000316694
       -0.0000563137  -0.0000358578   0.0001186250  -0.0000729408   0.0004011759
       -0.0002117538  -0.0000937695   0.0006299593   0.0009451382  -0.0003897249
        0.1298418933   0.2335505464  -0.0477299656  -0.0007036300   0.0004625250
        0.0000451354  -0.0007909154  -0.0013038548   0.0002874176   0.0000309939
        0.0001666168  -0.0000377015   0.0000236650   0.0000083221  -0.0000006102
       -0.0003051426   0.0001885553  -0.0000249460   0.0002720886  -0.0000748298
        0.0001748965  -0.0000471840   0.0000351805  -0.0000112957  -0.0000721306
       -0.0000264702  -0.0000082913  -0.0000454191   0.0000003947  -0.0000658132
        0.0000258118   0.0000133606   0.0000207810
        0.0055577243   0.0064002510  -0.0020846034   0.0328550648   0.0425056117
       -0.0446242784  -0.0006022445  -0.0009546637   0.0004753701   0.0015303952
       -0.0000736249   0.0055484717  -0.0000017908  -0.0003441097   0.0003930184
        0.0040469796   0.0002517986   0.0075494756  -0.0001462289  -0.0000386444
       -0.0008227274  -0.0000670562   0.0000507225  -0.0006810717   0.0000790511
        0.0006208127   0.0009309914  -0.0010285500  -0.0000296798  -0.0027621151
       -0.0415152405  -0.0477299656   0.0381594283  -0.0007068224  -0.0003985957
       -0.0018387863   0.0000280254  -0.0000586021   0.0000972438  -0.0000034427
       -0.0000325055  -0.0000986235  -0.0000543416   0.0000214257  -0.0001252819
        0.0002429115  -0.0001892738   0.0000321985  -0.0002229841   0.0000652272
       -0.0000100703   0.0000230907  -0.0000112579  -0.0000098948   0.0000286556
       -0.0000127692   0.0000067142   0.0000541015  -0.0000183378  -0.0000471455
       -0.0000972980  -0.0000238192  -0.0000883137
        0.0001430167   0.0027007236   0.0015039507  -0.0139284007   0.0029900161
        0.0039198032  -0.2843256153   0.0232723410   0.0686892201  -0.0189937312
       -0.0002984982   0.0052999670  -0.0001659856  -0.0033295529   0.0025680826
        0.0007864325  -0.0000724932  -0.0002359529  -0.0010618040   0.0003640427
        0.0005424563  -0.0000874536  -0.0002380871  -0.0001026415   0.0003937185
       -0.0002068086  -0.0003804254  -0.0007716607   0.0002076400   0.0001963083
        0.0006021466  -0.0007036300  -0.0007068224   0.3171610943  -0.0255524867
       -0.0803474914   0.0005259666   0.0005492762  -0.0009826574  -0.0000455013
        0.0001463688   0.0000139121  -0.0000570372   0.0000343664  -0.0000507655
       -0.0002950409   0.0001658804  -0.0000022572   0.0003391530  -0.0000601991
        0.0001819681  -0.0000628497   0.0000372960  -0.0000176309  -0.0000675539
        0.0000070745  -0.0000232673  -0.0000693782  -0.0000045318  -0.0000673761
       -0.0000195160  -0.0000087379   0.0000016197
        0.0025111433  -0.0045860689  -0.0001339337   0.0257837447  -0.0042861853
       -0.0069268285   0.0235682200  -0.0452892392  -0.0058845926  -0.0230825996
        0.0009188996   0.0064249307  -0.0026550430  -0.0034616165   0.0013207189
       -0.0002859752  -0.0006438308   0.0001041600  -0.0013110844   0.0001937239
        0.0004040628  -0.0003014406  -0.0002059206   0.0000795574   0.0001185946
       -0.0000552147  -0.0000839970   0.0013617762  -0.0004234654  -0.0003757585
        0.0009131444   0.0004625250  -0.0003985957  -0.0255524867   0.0564799800
        0.0053708446  -0.0009184975   0.0006971998   0.0000905231  -0.0000799974
        0.0001204517   0.0000012598  -0.0000669463   0.0000555400   0.0000014461
        0.0000015961   0.0000404200  -0.0000010297  -0.0000250693  -0.0000303842
        0.0000021915   0.0000241232  -0.0000038117  -0.0000019583  -0.0000154968
       -0.0000167500   0.0000088645   0.0000108263   0.0000095774   0.0000013295
        0.0000014681   0.0000241698  -0.0000031948
        0.0015094529  -0.0002063839   0.0056607930   0.0028089786  -0.0005963453
       -0.0000630912   0.0686260584  -0.0057940549  -0.0522111736   0.0064326671
        0.0000952751  -0.0019471871   0.0025843153   0.0015059910   0.0077638604
       -0.0001786885   0.0001040522   0.0000216135   0.0006323500  -0.0000329620
        0.0008860800   0.0000052391   0.0000632716  -0.0004181611  -0.0004087626
       -0.0000199109  -0.0008047023   0.0001341971  -0.0000462420  -0.0000882703
       -0.0007906521   0.0000451354  -0.0018387863  -0.0803474914   0.0053708446
        0.0459498957  -0.0009101505  -0.0003443378  -0.0026214123   0.0000321144
       -0.0000575267   0.0000186847  -0.0000464439  -0.0000768500  -0.0002481329
        0.0000378612  -0.0000116162   0.0000011260  -0.0000933637   0.0000445894
        0.0000590173   0.0000236491  -0.0000193862   0.0000013496   0.0000213379
       -0.0000014123  -0.0000001034   0.0000283225  -0.0000188890  -0.0000264607
       -0.0001009910  -0.0000032424  -0.0000949388
       -0.0004294921  -0.0004146403   0.0000765008  -0.0003384654  -0.0028386873
        0.0026727754   0.0063302650  -0.0133173911  -0.0011296263  -0.0850445465
        0.0979119615   0.0100330532  -0.0125047076   0.0266993859   0.0024212136
       -0.0041355941   0.0000207577   0.0030913863   0.0018432182   0.0003663733
       -0.0010622085  -0.0001850087   0.0003033449  -0.0000154944  -0.0004700456
        0.0007679423  -0.0002172850  -0.0001052752   0.0000066900  -0.0005434265
        0.0002033841  -0.0007909154   0.0000280254   0.0005259666  -0.0009184975
       -0.0009101505   0.0953533910  -0.1076931429  -0.0149386646  -0.0004879448
       -0.0001450530   0.0001898895   0.0000617630  -0.0000444742   0.0000366459
       -0.0006105757   0.0001150937   0.0001747131   0.0001999041   0.0000567378
        0.0001876071  -0.0000358390  -0.0000207519  -0.0000325433  -0.0000489278
       -0.0000354986  -0.0000324688  -0.0000160373  -0.0000383681   0.0000007793
       -0.0001054323   0.0000091331  -0.0000307219
       -0.0002497470   0.0005296440   0.0000389533  -0.0034160553  -0.0028569385
        0.0015841420   0.0087500100  -0.0249035217  -0.0011662841   0.0967017810
       -0.2611055723  -0.0150816576   0.0045449946  -0.0054807074  -0.0009721984
        0.0004988613   0.0010219697   0.0001312611  -0.0006040130   0.0008397906
        0.0000827029   0.0000990736  -0.0001019234   0.0000503242  -0.0000689711
       -0.0002955987   0.0000443341  -0.0000457559  -0.0000131178  -0.0000920739
        0.0004744046  -0.0013038548  -0.0000586021   0.0005492762   0.0006971998
       -0.0003443378  -0.1076931429   0.2926655357   0.0159069542   0.0001576354
        0.0003456378  -0.0000409833  -0.0000301841   0.0000275822  -0.0000327345
        0.0002345270  -0.0000300149   0.0000214773  -0.0002633666  -0.0000028529
       -0.0001514257   0.0000765722  -0.0000677798   0.0000067134   0.0000924671
       -0.0000156492   0.0000325198   0.0000146545   0.0000283652   0.0000257923
        0.0001769785   0.0000218065   0.0000151229
        0.0001638886   0.0001792828  -0.0002982731   0.0026307501   0.0014392950
        0.0079315357  -0.0022163503   0.0048662064   0.0001933259   0.0098235458
       -0.0152298648  -0.0332585215   0.0038190772  -0.0070387455   0.0003190190
        0.0028898355   0.0001352750   0.0059498740  -0.0010436278  -0.0003484218
       -0.0013875408   0.0000831222  -0.0001408902  -0.0000264211   0.0001097690
       -0.0002323559  -0.0005753541  -0.0005653139  -0.0000971150  -0.0019150659
       -0.0000533070   0.0002874176   0.0000972438  -0.0009826574   0.0000905231
       -0.0026214123  -0.0149386646   0.0159069542   0.0255305086   0.0001283505
        0.0001081997  -0.0002365826   0.0000327998   0.0000252361   0.0000704608
        0.0000791173   0.0001051617   0.0002429678   0.0000038815  -0.0000015053
        0.0000749068   0.0000473676  -0.0000439114   0.0000167093   0.0000281774
        0.0000122539  -0.0000127034   0.0000159468  -0.0000189331  -0.0000240991
       -0.0000557082  -0.0000040625  -0.0000705780
        0.0007019453  -0.0008469960   0.0000032419   0.0000054475   0.0001280878
       -0.0000635095  -0.0002327242   0.0003534455   0.0001192181   0.0006791875
       -0.0005166711  -0.0005040797   0.0065399980  -0.0162387855  -0.0011422230
       -0.0027649580  -0.0041518359   0.0018966876  -0.0485095218   0.0454588488
        0.0068634362  -0.0008148667   0.0205905873  -0.0043718696  -0.0041014372
        0.0027443398   0.0011658118  -0.0001566966  -0.0003093242   0.0001561451
       -0.0000119207   0.0000309939  -0.0000034427  -0.0000455013  -0.0000799974
        0.0000321144  -0.0004879448   0.0001576354   0.0001283505   0.0494093988
       -0.0496851955  -0.0044077623   0.0000643170   0.0004867504  -0.0002374773
        0.0000091460   0.0016753165   0.0004378434   0.0001890598   0.0003886368
        0.0002108478  -0.0000135584  -0.0001162112  -0.0000262622   0.0000113593
       -0.0001667462  -0.0000329546  -0.0000343409  -0.0001077975   0.0000454497
       -0.0004363887   0.0002049182  -0.0002695656
        0.0015009881  -0.0007920339  -0.0003267890  -0.0006200034   0.0006966390
        0.0001678273  -0.0000261666  -0.0013094417   0.0000429699   0.0015657022
        0.0013395171  -0.0005236629  -0.0004280965  -0.0182320353   0.0012461946
       -0.0043556518  -0.0009328016   0.0013575986   0.0461520764  -0.3755104567
        0.0322543910   0.0034941081  -0.0131843292  -0.0000694381   0.0043555589
        0.0007381363  -0.0002925707  -0.0002831868  -0.0000019063   0.0000500214
        0.0000859014   0.0001666168  -0.0000325055   0.0001463688   0.0001204517
       -0.0000575267  -0.0001450530   0.0003456378   0.0001081997  -0.0496851955
        0.4040569971  -0.0344096776  -0.0004198125   0.0010197266  -0.0002233679
       -0.0026799797   0.0016324705  -0.0001312331   0.0016365924  -0.0004471126
        0.0008991574  -0.0003369596   0.0002896355  -0.0000463357  -0.0005066367
        0.0001063591  -0.0000871840  -0.0000886704   0.0001090623  -0.0004629952
        0.0006381162  -0.0002111327   0.0005369266
        0.0003442279   0.0003929901   0.0007768515  -0.0002723063   0.0001548703
       -0.0001923452   0.0001588026  -0.0003505060   0.0004712673  -0.0001371667
        0.0001261188  -0.0009276493  -0.0046488844   0.0027574931  -0.0053683614
        0.0006281216   0.0010653647   0.0031128752   0.0068087136   0.0383722837
       -0.0076023284  -0.0008451467  -0.0071529486  -0.0057333729   0.0023762706
       -0.0001925260   0.0007250991   0.0001601251   0.0000513855   0.0002860348
       -0.0000260573  -0.0000377015  -0.0000986235   0.0000139121   0.0000012598
        0.0000186847   0.0001898895  -0.0000409833  -0.0002365826  -0.0044077623
       -0.0344096776   0.0141407782  -0.0002773485  -0.0003785533  -0.0005592955
        0.0006631802  -0.0004119774   0.0012986200  -0.0002057147   0.0000728731
        0.0004785538   0.0001063549  -0.0000682866  -0.0000370996  -0.0000717566
       -0.0001138994  -0.0001719836   0.0000405243  -0.0001211372  -0.0000919819
       -0.0005979792   0.0002835578  -0.0002891407
       -0.0004535975  -0.0000860427   0.0004133109   0.0003202651  -0.0003621832
       -0.0002785486  -0.0002412617   0.0003960391  -0.0000109570  -0.0007006060
       -0.0010884475   0.0007120677  -0.0038549913   0.0025882614   0.0019755636
        0.0009656430   0.0002997380   0.0018135523  -0.0218082020  -0.0121132547
        0.0064312274  -0.2127965061  -0.1008565846   0.0738855321  -0.0041704384
       -0.0039895162   0.0006777235   0.0000242067   0.0000770607   0.0000337392
       -0.0000036939   0.0000236650  -0.0000543416  -0.0000570372  -0.0000669463
       -0.0000464439   0.0000617630  -0.0000301841   0.0000327998   0.0000643170
       -0.0004198125  -0.0002773485   0.2427801957   0.1150833527  -0.0855667093
       -0.0000682795  -0.0000189125  -0.0007462172   0.0005648312  -0.0006346810
        0.0005002784  -0.0003059637   0.0003132723  -0.0002007336  -0.0010502106
        0.0007567449  -0.0003597059  -0.0000354993  -0.0000384746  -0.0003675173
        0.0007650656   0.0001669060   0.0014327278
       -0.0010863072   0.0002500696   0.0002233269  -0.0002322071  -0.0003033893
        0.0000460304   0.0002591747  -0.0000892502  -0.0000779492   0.0007146248
        0.0007161847   0.0000380832   0.0032880201  -0.0018820880  -0.0006519322
       -0.0016208062  -0.0051889508   0.0009139208   0.0106052679   0.0071911995
       -0.0045549928  -0.1055195428  -0.1024335033   0.0424099524  -0.0223263956
       -0.0095657588   0.0083462358   0.0000184169   0.0000828283  -0.0000232467
       -0.0001076704   0.0000083221   0.0000214257   0.0000343664   0.0000555400
       -0.0000768500  -0.0000444742   0.0000275822   0.0000252361   0.0004867504
        0.0010197266  -0.0003785533   0.1150833527   0.1081767457  -0.0460312535
        0.0008925987   0.0015467777  -0.0007697268  -0.0004855405  -0.0025048953
        0.0012589402  -0.0001113634   0.0007275736  -0.0002183448  -0.0005429871
        0.0014996191  -0.0007803464   0.0003274542   0.0004636565  -0.0008019691
        0.0003672677   0.0002020100   0.0010820132
       -0.0002821218  -0.0003890302   0.0008236892   0.0002136628  -0.0004182729
       -0.0005709137   0.0000272836   0.0003314152  -0.0001341060   0.0003485049
        0.0003913507   0.0013975626   0.0023158372   0.0003585357   0.0020365110
        0.0028029566   0.0002079290   0.0053356494   0.0024632319   0.0032233205
       -0.0048758239   0.0792410569   0.0454425696  -0.0499759877   0.0001799051
       -0.0026454626  -0.0005944808   0.0000250164   0.0000113765   0.0001066365
       -0.0000177562  -0.0000006102  -0.0001252819  -0.0000507655   0.0000014461
       -0.0002481329   0.0000366459  -0.0000327345   0.0000704608  -0.0002374773
       -0.0002233679  -0.0005592955  -0.0855667093  -0.0460312535   0.0502294850
       -0.0007682226  -0.0001315311  -0.0014268681   0.0003851968   0.0023389638
        0.0009141454  -0.0001260130  -0.0004845490  -0.0002892615   0.0000975742
       -0.0015471480  -0.0004115037   0.0000031082  -0.0008705335  -0.0002579784
       -0.0010909145   0.0004675863  -0.0014445059
        0.0010420797   0.0022984440  -0.0008889560   0.0007170863  -0.0002607953
       -0.0001235061   0.0006367965   0.0004040251  -0.0002061189  -0.0002407122
        0.0009433180   0.0000822348  -0.0036227356   0.0038756517   0.0000329363
       -0.0216038141   0.0262449481   0.0054239011  -0.0154826489   0.0072222267
        0.0062550017   0.0107696630  -0.0064133855  -0.0021220580  -0.1061516640
        0.0798801944   0.0242804534   0.0004724460  -0.0005999886  -0.0001961566
       -0.0002081560  -0.0003051426   0.0002429115  -0.0002950409   0.0000015961
        0.0000378612  -0.0006105757   0.0002345270   0.0000791173   0.0000091460
       -0.0026799797   0.0006631802  -0.0000682795   0.0008925987  -0.0007682226
        0.2725475753  -0.1071745975   0.0460928463  -0.0894261613  -0.0031742847
       -0.0454198100  -0.0179326630   0.0090201145  -0.0104032542  -0.0286454862
       -0.0117000034  -0.0155261726  -0.0007280797   0.0004624411  -0.0072494453
       -0.0011787757   0.0008280920  -0.0002867438
        0.0001345919  -0.0009902086   0.0003866330  -0.0003384451   0.0007854497
        0.0001246882  -0.0003668067  -0.0004136905   0.0000066562   0.0002563806
        0.0004660193  -0.0000064445  -0.0016421751  -0.0040419985   0.0022229750
        0.0043046985  -0.0004974218  -0.0036430803   0.0119065722  -0.0121608987
       -0.0024026536   0.0195760281  -0.0187483328  -0.0067090893   0.0789629029
       -0.1533475818  -0.0313097729   0.0003638951   0.0010660899  -0.0002066392
        0.0002201671   0.0001885553  -0.0001892738   0.0001658804   0.0000404200
       -0.0000116162   0.0001150937  -0.0000300149   0.0001051617   0.0016753165
        0.0016324705  -0.0004119774  -0.0000189125   0.0015467777  -0.0001315311
       -0.1071745975   0.2356009278   0.0591470770  -0.0107102990  -0.0446210741
       -0.0156050630   0.0271210858  -0.0087941351   0.0126910237  -0.0244967076
       -0.0023503292  -0.0100700589  -0.0002862205   0.0053311331  -0.0044832615
        0.0002315514  -0.0006621574   0.0004962469
       -0.0004878742   0.0001599277  -0.0001724607  -0.0000265980  -0.0000527796
       -0.0000850092  -0.0001259102  -0.0000675028  -0.0001885795   0.0004084867
       -0.0002510594   0.0001596848   0.0023165216   0.0000393960   0.0031523167
        0.0061180350  -0.0056333101  -0.0018755891   0.0025450989  -0.0001860781
        0.0050409476  -0.0032032162   0.0006982485  -0.0017310114   0.0256461711
       -0.0363582916  -0.0399706125   0.0000014583  -0.0001948912  -0.0002127690
       -0.0000169520  -0.0000249460   0.0000321985  -0.0000022572  -0.0000010297
        0.0000011260   0.0001747131   0.0000214773   0.0002429678   0.0004378434
       -0.0001312331   0.0012986200  -0.0007462172  -0.0007697268  -0.0014268681
        0.0460928463   0.0591470770   0.1460040989  -0.0510755625  -0.0089614377
       -0.0829084641   0.0030938814  -0.0038285301   0.0052603402  -0.0051246782
       -0.0014609533   0.0038468463  -0.0257109315  -0.0025988589  -0.0358069708
       -0.0003148584   0.0004545019  -0.0006608127
        0.0001085228  -0.0015760532   0.0006989547  -0.0002963010  -0.0002031683
        0.0000561212  -0.0001121066  -0.0000152930   0.0000173025  -0.0006845037
        0.0004558807   0.0001216774  -0.0024922160  -0.0010669514   0.0016915724
       -0.0002654593  -0.0003722093   0.0005832028   0.0079433560  -0.0040132219
       -0.0024021960  -0.0041383394   0.0050278776  -0.0003752624  -0.0382516868
        0.0240340830  -0.0054609057  -0.0005745964  -0.0006500305   0.0000515184
        0.0002654859   0.0002720886  -0.0002229841   0.0003391530  -0.0000250693
       -0.0000933637   0.0001999041  -0.0002633666   0.0000038815   0.0001890598
        0.0016365924  -0.0002057147   0.0005648312  -0.0004855405   0.0003851968
       -0.0894261613  -0.0107102990  -0.0510755625   0.4908320353  -0.0348893207
       -0.1302164212  -0.1277977846   0.1561686913   0.0374321441  -0.1543970289
       -0.1427567435   0.0462995922  -0.0878169109   0.0128099568   0.1047118748
        0.0058107467  -0.0033779033  -0.0020006286
        0.0006221862   0.0016027698  -0.0000210346  -0.0006654451   0.0002924350
        0.0000493774  -0.0001362089  -0.0008263439   0.0000660035   0.0005030504
       -0.0004031268  -0.0002689592   0.0004914120  -0.0007913300  -0.0001576673
        0.0006558226  -0.0011747316   0.0012500633   0.0030597165  -0.0031163396
       -0.0015303358  -0.0021278996   0.0012318420  -0.0014191052   0.0146775058
        0.0000198414   0.0078941760  -0.0004782395  -0.0004939936   0.0000728436
       -0.0002734564  -0.0000748298   0.0000652272  -0.0000601991  -0.0000303842
        0.0000445894   0.0000567378  -0.0000028529  -0.0000015053   0.0003886368
       -0.0004471126   0.0000728731  -0.0006346810  -0.0025048953   0.0023389638
       -0.0031742847  -0.0446210741  -0.0089614377  -0.0348893207   0.7695764187
        0.0567489508   0.1581320350  -0.3747625036  -0.0698189905  -0.1455144402
       -0.2660066369   0.0623742364   0.0127857497  -0.0624744887  -0.0336754606
       -0.0034186776  -0.0149926632  -0.0151228082
        0.0002067057  -0.0010008715  -0.0006078112  -0.0000928580   0.0002842044
       -0.0001706044   0.0000658378  -0.0000510944  -0.0001152288  -0.0003540817
       -0.0001300625  -0.0001419249   0.0001672372  -0.0013433678   0.0010057507
        0.0010069328  -0.0025148949   0.0003422884   0.0045661813  -0.0021466961
       -0.0027274954  -0.0025083230   0.0006334312  -0.0013782275  -0.0145730963
        0.0178805419   0.0016383641  -0.0001921691   0.0004544544   0.0006119906
        0.0002410077   0.0001748965  -0.0000100703   0.0001819681   0.0000021915
        0.0000590173   0.0001876071  -0.0001514257   0.0000749068   0.0002108478
        0.0008991574   0.0004785538   0.0005002784   0.0012589402   0.0009141454
       -0.0454198100  -0.0156050630  -0.0829084641  -0.1302164212   0.0567489508
        0.5758414890   0.0377440706  -0.0700198733  -0.0696924391   0.0483628582
        0.0643063572  -0.0747985565   0.1022455966  -0.0345620930  -0.3448990992
       -0.0023303703  -0.0151176832  -0.0035165845
       -0.0003882465  -0.0000122431   0.0000159052   0.0001344927   0.0000193399
        0.0000041207   0.0000465006   0.0000447000  -0.0000442432   0.0000273620
       -0.0000192710   0.0000563816   0.0000543056   0.0009152424   0.0002153766
        0.0004957073   0.0009676628  -0.0009912372  -0.0026553555   0.0016721296
        0.0009484040   0.0010678733  -0.0019299860  -0.0001160245  -0.0021910678
        0.0000744827  -0.0048978034   0.0002642346   0.0001723684  -0.0000415257
       -0.0000479258  -0.0000471840   0.0000230907  -0.0000628497   0.0000241232
        0.0000236491  -0.0000358390   0.0000765722   0.0000473676  -0.0000135584
       -0.0003369596   0.0001063549  -0.0003059637  -0.0001113634  -0.0001260130
       -0.0179326630   0.0271210858   0.0030938814  -0.1277977846   0.1581320350
        0.0377440706   0.1432637417  -0.1851357806  -0.0434966701   0.0078825364
       -0.0179935069  -0.0000736312  -0.0010784296   0.0162372697   0.0074708559
       -0.0007270705   0.0001292827   0.0000376899
        0.0002173002  -0.0004424387  -0.0000740828   0.0000164775  -0.0000363117
       -0.0000078195  -0.0000318134   0.0002550658   0.0000361830  -0.0001018296
        0.0001438286   0.0000033924  -0.0001088573  -0.0005240716  -0.0003095929
       -0.0008342435  -0.0004893299   0.0007042728   0.0019086955  -0.0006800004
       -0.0005170459  -0.0009221182   0.0020329054   0.0007394645   0.0001018919
        0.0010870919   0.0021772404   0.0001212215   0.0000538607   0.0000096551
        0.0000959747   0.0000351805  -0.0000112579   0.0000372960  -0.0000038117
       -0.0000193862  -0.0000207519  -0.0000677798  -0.0000439114  -0.0001162112
        0.0002896355  -0.0000682866   0.0003132723   0.0007275736  -0.0004845490
        0.0090201145  -0.0087941351  -0.0038285301   0.1561686913  -0.3747625036
       -0.0700198733  -0.1851357806   0.4286737073   0.0809303948   0.0097605163
       -0.0408011766  -0.0042235158   0.0094333563  -0.0074613914  -0.0059101311
        0.0000767976   0.0007641012   0.0009173794
       -0.0001312496  -0.0000789023   0.0001984735   0.0000421316  -0.0000941402
        0.0000766968  -0.0000413039   0.0000668010   0.0000002048   0.0000157731
        0.0000912274   0.0000723472  -0.0003902392   0.0003297102  -0.0000729091
       -0.0002634886   0.0006109062  -0.0003172246  -0.0004329900   0.0002976563
        0.0003676182   0.0000644697   0.0006501786   0.0002999356  -0.0021875435
       -0.0010493253  -0.0008181041   0.0000216022  -0.0000021814  -0.0001673002
       -0.0000306571  -0.0000112957  -0.0000098948  -0.0000176309  -0.0000019583
        0.0000013496  -0.0000325433   0.0000067134   0.0000167093  -0.0000262622
       -0.0000463357  -0.0000370996  -0.0002007336  -0.0002183448  -0.0002892615
       -0.0104032542   0.0126910237   0.0052603402   0.0374321441  -0.0698189905
       -0.0696924391  -0.0434966701   0.0809303948   0.0693896625  -0.0002304787
        0.0070072938   0.0093493084   0.0201883338  -0.0322898635  -0.0135782648
        0.0001205904   0.0009294325  -0.0000501482
       -0.0001333818   0.0002799196  -0.0000159712  -0.0000446918   0.0000769815
        0.0000240011  -0.0000211436   0.0000288334   0.0000037305   0.0001821082
       -0.0001239913   0.0000371158  -0.0001778522   0.0006377562   0.0000952268
        0.0006892211   0.0004337347  -0.0005243653  -0.0018800031   0.0008739830
        0.0006182660   0.0009731646  -0.0008337261  -0.0000900771   0.0017933487
       -0.0016756177   0.0000015141   0.0003081575   0.0001627038  -0.0000363588
       -0.0000461814  -0.0000721306   0.0000286556  -0.0000675539  -0.0000154968
        0.0000213379  -0.0000489278   0.0000924671   0.0000281774   0.0000113593
       -0.0005066367  -0.0000717566  -0.0010502106  -0.0005429871   0.0000975742
       -0.0286454862  -0.0244967076  -0.0051246782  -0.1543970289  -0.1455144402
        0.0483628582   0.0078825364   0.0097605163  -0.0002304787   0.1857480759
        0.1811160223  -0.0637268907  -0.0083216448  -0.0201453803   0.0192258533
       -0.0027538655   0.0004641963   0.0012762656
       -0.0004651356  -0.0001675363   0.0000657862   0.0002781038  -0.0001646436
        0.0000036070   0.0000992570   0.0003773230  -0.0000387536  -0.0000833461
        0.0001113611   0.0000760072   0.0001744942   0.0005770772  -0.0001076821
        0.0001522978   0.0004987455  -0.0010059936  -0.0023760929   0.0015753064
        0.0005822569   0.0023254740  -0.0016868733   0.0018620743   0.0015289999
       -0.0043764327   0.0011887171   0.0003131588   0.0001088264  -0.0000384943
        0.0000493360  -0.0000264702  -0.0000127692   0.0000070745  -0.0000167500
       -0.0000014123  -0.0000354986  -0.0000156492   0.0000122539  -0.0001667462
        0.0001063591  -0.0001138994   0.0007567449   0.0014996191  -0.0015471480
       -0.0117000034  -0.0023503292  -0.0014609533  -0.1427567435  -0.2660066369
        0.0643063572  -0.0179935069  -0.0408011766   0.0070072938   0.1811160223
        0.3154488905  -0.0774876430  -0.0114114773  -0.0008966562   0.0084035863
        0.0001875872  -0.0037943540  -0.0016931909
       -0.0001052022  -0.0000226764   0.0001540366   0.0000219223  -0.0001021919
        0.0000800074  -0.0000786133  -0.0000080379   0.0000481887   0.0000451721
        0.0000702483   0.0000816206  -0.0002850984   0.0002578399  -0.0002060481
       -0.0000732611   0.0001846893  -0.0003797579  -0.0003023399   0.0000189379
        0.0003247483  -0.0000162145   0.0012778896   0.0005595913  -0.0002875969
       -0.0008302174  -0.0000802026  -0.0000349729  -0.0000538921  -0.0001182884
       -0.0000405499  -0.0000082913   0.0000067142  -0.0000232673   0.0000088645
       -0.0000001034  -0.0000324688   0.0000325198  -0.0000127034  -0.0000329546
       -0.0000871840  -0.0001719836  -0.0003597059  -0.0007803464  -0.0004115037
       -0.0155261726  -0.0100700589   0.0038468463   0.0462995922   0.0623742364
       -0.0747985565  -0.0000736312  -0.0042235158   0.0093493084  -0.0637268907
       -0.0774876430   0.0927227264   0.0334731610   0.0316022249  -0.0245897353
        0.0011590926  -0.0021533956  -0.0064049051
        0.0000169913   0.0001737624  -0.0003536145   0.0001509112   0.0001258331
       -0.0000369446   0.0000317711   0.0000644894  -0.0000607944   0.0000438787
       -0.0000996343  -0.0000767318   0.0002238577  -0.0000247635   0.0001338348
        0.0006119167  -0.0001530815  -0.0004610669  -0.0010383759   0.0009033610
        0.0002409422   0.0003873236  -0.0016520756  -0.0001995574  -0.0003323703
       -0.0009027126  -0.0014468097   0.0001692792   0.0003213805   0.0001174910
       -0.0000335014  -0.0000454191   0.0000541015  -0.0000693782   0.0000108263
        0.0000283225  -0.0000160373   0.0000146545   0.0000159468  -0.0000343409
       -0.0000886704   0.0000405243  -0.0000354993   0.0003274542   0.0000031082
       -0.0007280797  -0.0002862205  -0.0257109315  -0.0878169109   0.0127857497
        0.1022455966  -0.0010784296   0.0094333563   0.0201883338  -0.0083216448
       -0.0114114773   0.0334731610   0.1010584554  -0.0070448814  -0.1282741404
       -0.0031898164  -0.0024519312   0.0000792287
       -0.0003698342  -0.0004373213  -0.0000368689   0.0002343305  -0.0001787105
        0.0000184711   0.0000181793   0.0002786652   0.0000267261  -0.0001363818
        0.0001566579   0.0001143254   0.0000240729   0.0003760480  -0.0003139881
       -0.0003453887   0.0000389718  -0.0003449079  -0.0010373292   0.0006530504
        0.0004023928   0.0010814217   0.0007480465   0.0009823276   0.0003560872
       -0.0014193420   0.0012989933   0.0001671106   0.0000425835   0.0000043415
        0.0000541706   0.0000003947  -0.0000183378  -0.0000045318   0.0000095774
       -0.0000188890  -0.0000383681   0.0000283652  -0.0000189331  -0.0001077975
        0.0001090623  -0.0001211372  -0.0000384746   0.0004636565  -0.0008705335
        0.0004624411   0.0053311331  -0.0025988589   0.0128099568  -0.0624744887
       -0.0345620930   0.0162372697  -0.0074613914  -0.0322898635  -0.0201453803
       -0.0008966562   0.0316022249  -0.0070448814   0.0720286876   0.0374248242
       -0.0021766728  -0.0073969902  -0.0006802160
       -0.0004840678  -0.0000320432   0.0003530502   0.0002144455  -0.0002529100
        0.0000858102  -0.0000578156   0.0001755240   0.0000311449   0.0000648179
       -0.0000473932   0.0001444019   0.0002577110   0.0013872603  -0.0005978438
        0.0012525334   0.0002274232  -0.0009518083  -0.0041253120   0.0020423914
        0.0014220270   0.0026785253  -0.0018169891   0.0004561507   0.0044041857
       -0.0019878297   0.0006338889   0.0001496996  -0.0000463687  -0.0002797390
       -0.0000728624  -0.0000658132  -0.0000471455  -0.0000673761   0.0000013295
       -0.0000264607   0.0000007793   0.0000257923  -0.0000240991   0.0000454497
       -0.0004629952  -0.0000919819  -0.0003675173  -0.0008019691  -0.0002579784
       -0.0072494453  -0.0044832615  -0.0358069708   0.1047118748  -0.0336754606
       -0.3448990992   0.0074708559  -0.0059101311  -0.0135782648   0.0192258533
        0.0084035863  -0.0245897353  -0.1282741404   0.0374248242   0.4212170965
        0.0002218055  -0.0001049664  -0.0031924436
        0.0001793978  -0.0002049208  -0.0000137767  -0.0001044773   0.0000026456
       -0.0000161656  -0.0000942891   0.0000099484   0.0000229621  -0.0001115325
       -0.0000216169   0.0000703522  -0.0011466858  -0.0002724232   0.0003093820
       -0.0011988780  -0.0004304813   0.0003587940  -0.0003689794  -0.0000788719
        0.0007802256   0.0004904221   0.0009991348  -0.0000871977  -0.0003314402
       -0.0011286664  -0.0012836273  -0.0000334147   0.0000077415  -0.0000683883
        0.0000097076   0.0000258118  -0.0000972980  -0.0000195160   0.0000014681
       -0.0001009910  -0.0001054323   0.0001769785  -0.0000557082  -0.0004363887
        0.0006381162  -0.0005979792   0.0007650656   0.0003672677  -0.0010909145
       -0.0011787757   0.0002315514  -0.0003148584   0.0058107467  -0.0034186776
       -0.0023303703  -0.0007270705   0.0000767976   0.0001205904  -0.0027538655
        0.0001875872   0.0011590926  -0.0031898164  -0.0021766728   0.0002218055
        0.0045452222   0.0050072820   0.0030140707
        0.0002685159   0.0001786952   0.0000461026  -0.0001178787   0.0001073537
        0.0000379420   0.0000116663  -0.0002539655   0.0000138893   0.0000037560
        0.0000053939  -0.0000169895  -0.0001111215  -0.0003713155   0.0001739256
       -0.0003474659  -0.0001498676   0.0001644546   0.0005756258   0.0000438315
       -0.0005598699  -0.0001409248  -0.0000812659  -0.0001037058  -0.0010320902
        0.0007750003  -0.0001863133  -0.0000462670   0.0000138957  -0.0000303832
       -0.0000350538   0.0000133606  -0.0000238192  -0.0000087379   0.0000241698
       -0.0000032424   0.0000091331   0.0000218065  -0.0000040625   0.0002049182
       -0.0002111327   0.0002835578   0.0001669060   0.0002020100   0.0004675863
        0.0008280920  -0.0006621574   0.0004545019  -0.0033779033  -0.0149926632
       -0.0151176832   0.0001292827   0.0007641012   0.0009294325   0.0004641963
       -0.0037943540  -0.0021533956  -0.0024519312  -0.0073969902  -0.0001049664
        0.0050072820   0.0257640935   0.0157330385
        0.0001570112  -0.0001374472  -0.0000922650  -0.0000652334   0.0000982605
       -0.0000879660   0.0000126203   0.0000285622  -0.0001243321  -0.0002681390
       -0.0001223186  -0.0000971311  -0.0006853462  -0.0000479861   0.0009974195
       -0.0011993565  -0.0004320856   0.0005536331   0.0001822198  -0.0004207888
        0.0003598076  -0.0008259209   0.0001850694  -0.0001391607  -0.0005419723
       -0.0004846397  -0.0009352264  -0.0000309445   0.0000312753   0.0000027350
        0.0000111190   0.0000207810  -0.0000883137   0.0000016197  -0.0000031948
       -0.0000949388  -0.0000307219   0.0000151229  -0.0000705780  -0.0002695656
        0.0005369266  -0.0002891407   0.0014327278   0.0010820132  -0.0014445059
       -0.0002867438   0.0004962469  -0.0006608127  -0.0020006286  -0.0151228082
       -0.0035165845   0.0000376899   0.0009173794  -0.0000501482   0.0012762656
       -0.0016931909  -0.0064049051   0.0000792287  -0.0006802160  -0.0031924436
        0.0030140707   0.0157330385   0.0153748572
