           1           2   1.5171193051314853     
           2           3   1.3587818869952448     
           1           4  0.11623552662087477     
           3           4   1.5057200664510406     
           4           5   1.3247807012565742     
           1           6   1.3182307987399811     
           5           6   1.2439315570240406     
           5           7   1.1884956108352938     
           7           8   1.2136103067400288     
           6           9   1.2011109131118458     
           8           9   1.5318636678558337     
           1          10  0.97012413986860768     
           2          11  0.96945406286032110     
           3          12  0.96810571323478090     
           4          13  0.96021346785816364     
           7          14  0.89330122139473989     
           8          15  0.93721460708957782     
           9          16  0.92196877092753937     
          16          17  0.89622495226564680     
          17          18   1.4127956973116038     
          17          19   1.2993974143248803     
          18          19  0.10311106983007799     
          17          20   1.3016113000071687     
          18          20  0.10190792022215356     
          19          20  0.10207453931690859     
