-96.8732832589
-97.0151264323
-96.2157788841
-96.5513556993
-97.9186389101
-100.0783404044
-99.3062186747
-96.7718420778
-97.8384663289
-97.7857052375
-98.5419101060
-96.4643676825
-94.5683256939
-99.1525368491
-98.2163467670
-96.8177561847
-97.0681491521
-96.2966475678
-96.5174112148
-97.8394075302
-99.9981667371
-99.2617565954
-96.7178685056
-97.7833546588
-97.7035849590
-98.4186682256
-96.4983579478
-95.4272339056
-99.2347622508
-98.1768032267
-96.7242139289
-97.1128262862
-96.2224995951
-96.5211892936
-97.7665850363
-99.8942190376
-99.2135538046
-96.8374845565
-97.7027600253
-97.6342992307
-98.5527309174
-96.9987570760
-95.2711670702
-99.1902396426
-99.2282817558
-96.6375969929
-97.0501465479
-96.1564341533
-96.4626154341
-97.8251041445
-99.8279835564
-99.1735831631
-96.7429017893
-97.7065573075
-97.6892811481
-98.6331060005
-97.1061520458
-95.3550260799
-99.4899866392
-99.8105516679
-96.5041373128
-97.1597503956
-96.0820934671
-96.4889954890
-97.7849228175
-99.8153459476
-99.0988684564
-96.6684035646
-97.7387348012
-97.6330726011
-98.5650156393
-97.0929684872
-95.3490806105
-99.4357818698
-99.7714814863
-96.3855751752
-97.1085473426
-96.0283044274
-96.4592529504
-97.7073521250
-99.7702919697
-99.0256055480
-96.8900768682
-97.6696996198
-97.5551037506
-98.5327062298
-97.0927050968
-95.3308246186
-99.4995106476
-99.7004042665
-96.2832894533
-97.1596332676
-95.9645131597
-97.9133196823
-97.7255703122
-99.6795797143
-98.9471760106
-96.9645211395
-97.6065685045
-97.5069693421
-100.1329943465
-97.4835023246
-95.3118142502
-99.4584140140
-99.6598402688
-96.2387142325
-97.2061193316
-95.9411709062
-97.8942339745
-97.6959781445
-99.6263119539
-98.9744414179
-96.8740748826
-97.5574684932
-97.4601264226
-100.3999880034
-97.4565288321
-95.3186782618
-99.4212913608
-99.5590778031
-96.2111080448
-97.5145212156
-95.9061963875
-97.8288603330
-97.9048052515
-99.5805885248
-98.9022463770
-96.9711861186
-97.8156621147
-97.3970094163
-100.3241833230
-97.5486192635
-95.2805679365
-99.4766277921
-99.5351759376
-96.1211579383
-97.4654998529
-95.8433559409
-98.1609504710
-97.8479785151
-99.4993843830
-98.8557056645
-96.9100373196
-97.7741765192
-97.3499197186
-100.2552227655
-97.5150943404
-95.2427220578
-99.5276393573
-99.6128815293
-96.2465687642
-97.4077044774
-95.7913795646
-98.2095063024
-97.8168864622
-99.5326181639
-98.8158048237
-97.1652726282
-97.7269921748
-97.3074538525
-100.1358413128
-97.4551419381
-95.2046092961
-99.8004952711
-99.5485855805
-96.1776199720
-97.4061128512
-95.9511491278
-98.1812148339
-97.7737850870
-99.5169329033
-98.7383811179
-97.1246979426
-98.0198806616
-97.3138417726
-100.3397095310
-97.3937333534
-95.1706047690
-99.7658891945
-99.7016407517
-96.1352386210
-97.4311417411
-95.9265392710
-98.1300790716
-97.7150415737
-99.5148930356
-98.6834988710
-97.1146836906
-97.9430552359
-97.2705112511
-100.3293364641
-97.3471818690
-95.2166355500
-99.7308210479
-99.8921017311
-96.0705549240
-97.3770558852
-95.8970487924
-98.0935593397
-97.6958150627
-99.4875375202
-98.6527563397
-98.0213148861
-97.8935225829
-97.2258836254
-100.2700477178
-97.2759556578
-95.3589251920
-99.6839868372
-99.8302952132
-96.0681315874
-97.3780896719
-95.8566746480
-98.0418192385
-97.6475710560
-99.4182609464
-98.6176308274
-97.9784710256
-97.8485463130
-97.2028362360
-100.2163699526
-97.3384639976
-95.2578358468
-99.6378568630
-99.8007943115
-96.0435322304
-97.5355519835
-95.8157733062
-97.9871983166
-97.6326055780
-99.3951301568
-98.6013958873
-97.9364141190
-97.7827164533
-97.1986061884
-100.1680720495
-97.3684576808
-95.2481828961
-99.6013113254
-99.7330959130
-96.0002341785
-97.5259749669
-95.7768126296
-97.9372717807
-97.6116294120
-99.4139495468
-98.5763066861
-97.8905446359
-97.8035352576
-97.1687710728
-100.1041299495
-97.4028206075
-95.3682601734
-99.5746357768
-99.7380991632
-95.9529381654
-97.4908768208
-95.7273351323
-97.9135434476
-97.6018077227
-99.3674408312
-98.5261620736
-98.0844825619
-98.1038893997
-97.1493486038
-100.0644727473
-97.3466903351
-95.3417145991
-99.8727420651
-99.7303846612
-95.9214704903
-97.5225670385
-95.6914601907
-97.8979797530
-97.5337874017
-99.3344493557
-98.4944755757
-98.0683615040
-98.0436891323
-97.0955473469
-100.0204521808
-97.3918804883
-95.3634293520
-99.8206489140
-100.1107587984
-96.4161497220
-97.6052046696
-95.6639670111
-98.3068934512
-97.4981236838
-99.3334647070
-98.6416787781
-98.0184026565
-98.0004719158
-97.0774787704
-99.9721367389
-97.7239688666
-95.3491864592
-99.8449010372
-100.0796167025
-96.4381750046
-97.6290831328
-95.6874168746
-98.4082697822
-97.4578078895
-99.3141973659
-98.5756138130
-97.9788048301
-97.9577837265
-97.0395958660
-99.9196342332
-97.8454372318
-95.2964878821
-99.9948325752
-100.0510343888
-96.3958453153
-97.6574952636
-95.6712006089
-98.3656752755
-97.9441519283
-99.2676840430
-99.2671740029
-97.9049144991
-97.9176146892
-97.0077917325
-99.9645376213
-97.8155763235
-95.2781181161
-100.0041197369
-100.0230450857
-96.3576832472
-98.0104680683
-95.6408036662
-98.3411625796
-97.9104433075
-99.2208637082
-99.2086098818
-97.8565382815
-97.8814121549
-96.9756105570
-100.6020191063
-97.7876168981
-95.2481858231
-99.9758243453
-99.9831150840
-96.2991567910
-98.0023030275
-95.6544146724
-98.2894534245
-97.8844944734
-99.1638247833
-99.1711737495
-97.8083633059
-97.8393212644
-97.0453722126
-100.5689262145
-97.8726679359
-95.2536976658
-99.9338539497
-100.0440011216
-96.2657298404
-98.0044305498
-95.6189260971
-98.2557687337
-97.8626399822
-99.1167647318
-99.1786794205
-97.7762264495
-97.8211728399
-97.0309524925
-100.5153240409
-97.8443650025
-95.2229450149
-99.8546932316
-100.0041195000
-96.2387774299
-98.0376851443
-95.5944756654
-98.2178026700
-97.8169947278
-99.1004475196
-99.1703415044
-97.7608006172
-97.7715588870
-96.9841367397
-100.4716569231
-97.8083779930
-95.2401163141
-99.8226368589
-100.0118047297
-96.2397790143
-98.0120497599
-95.5700454232
-98.1929093193
-97.7676023008
-99.0516067408
-99.1353527980
-97.7203939288
-97.7519217131
-96.9396501821
-100.4410535441
-97.7716489550
-95.3104159241
-99.7874758603
-99.9819297027
-96.4215169874
-98.0077931146
-95.5656693795
-98.1570168005
-97.7349903639
-98.9864951274
-99.1019170173
-97.6893262183
-97.7216776779
-96.8872708969
-100.4223521044
-97.7604808019
-95.2958283460
-99.7347789145
-99.9442895615
-96.3835598871
-97.9832547307
-95.5387223201
-98.1192140006
-97.7195901372
-98.9514473049
-98.9888424076
-97.6525486846
-97.6742655835
-96.9137888450
-100.3862408393
-97.7320633803
-95.2991028822
-99.7054887629
-100.1389004239
-96.3756830143
-97.9644734934
-95.5450079249
-98.0813600162
-97.7489975761
-98.9236772001
-99.0095359856
-97.6096238578
-97.6709991460
-96.8947121523
-100.3493568294
-97.7459966883
-95.2862568035
-99.6673887683
-100.1044816617
-96.3593914952
-97.9573353795
-95.5375347947
-98.0400679545
-97.7202992770
-98.8910121314
-98.9560673475
-97.5893186072
-97.6207073361
-96.8806011517
-100.3820081452
-97.7066167931
-95.2692670526
-99.6210262713
-100.0939475225
-96.3216469320
-98.2571452238
-95.5239624882
-98.0079707461
-97.7583582203
-98.8604102066
-98.8981121365
-97.7084686940
-97.6007594531
-96.8468056883
-100.4414080230
-97.7389288564
-95.2695882693
-99.5957533906
-100.0590517927
-96.2867033928
-98.2284117862
-95.5106664180
-97.9645097520
-97.7336337622
-99.2601333489
-98.9514764104
-97.6908441876
-97.5624071663
-96.7937648561
-100.4206771462
-97.7329766635
-95.2518688754
-99.5909887442
-100.0324717202
-96.2566614236
-98.2011821200
-95.5247582417
-98.1080708986
-97.7125471504
