    1       0.27148382
    2       0.27122692
    3       0.27573850
    4       0.27130225
    5       0.27181734
    6       0.27167425
    7       0.27583637
    8       0.27130615
    9       0.27133846
   10       0.27144824
   11       0.27575115
   12       0.27152146
   13      -0.57064698
   14      -0.57028693
   15      -0.57049818
   16      -0.56989860
   17      -0.57068805
   18      -0.57031627
   19      -0.57046944
   20      -0.56987955
   21      -0.57065773
   22      -0.57031415
   23      -0.57051686
   24      -0.56985642
   25      -0.57050276
   26      -0.57030086
   27      -0.57031779
   28      -0.57036780
   29      -0.57032004
   30      -0.57027146
   31      -0.57031227
   32      -0.57052683
   33      -0.57028406
   34      -0.57034529
   35      -0.57053954
   36      -0.57030750
   37      -0.52472056
   38      -0.52414890
   39      -0.52390322
   40      -0.52400559
   41      -0.52470480
   42      -0.52415070
   43      -0.52393230
   44      -0.52401239
   45      -0.52473029
   46      -0.52414291
   47      -0.52388615
   48      -0.52403794
   49      -0.52465676
   50      -0.52434900
   51      -0.52418897
   52      -0.52398771
   53      -0.52401072
   54      -0.52421338
   55      -0.52434707
   56      -0.52463572
   57      -0.52422373
   58      -0.52401736
   59      -0.52462788
   60      -0.52431780
   61       0.04051977
   62       0.04036330
   63       0.04002096
   64       0.04052147
   65       0.04051867
   66       0.04036681
   67       0.04002169
   68       0.04052124
   69       0.04051977
   70       0.04036496
   71       0.04001805
   72       0.04053109
   73       0.04038241
   74       0.04040163
   75       0.04071328
   76       0.03994261
   77       0.03995863
   78       0.04072299
   79       0.04039790
   80       0.04038174
   81       0.04068646
   82       0.03995227
   83       0.04038373
   84       0.04039402
   85      -0.08107658
   86      -0.08169150
   87      -0.08176018
   88      -0.08235272
   89      -0.08108049
   90      -0.08172653
   91      -0.08179400
   92      -0.08230635
   93      -0.08106042
   94      -0.08166359
   95      -0.08179491
   96      -0.08226151
   97      -0.08173702
   98      -0.08226035
   99      -0.08231247
  100      -0.08130451
  101      -0.08134510
  102      -0.08222011
  103      -0.08221558
  104      -0.08172109
  105      -0.08228963
  106      -0.08134792
  107      -0.08173966
  108      -0.08229870
  109      -0.18337591
  110      -0.18259167
  111      -0.18308358
  112      -0.18325183
  113      -0.18337790
  114      -0.18259759
  115      -0.18308507
  116      -0.18324991
  117      -0.18337595
  118      -0.18259853
  119      -0.18308979
  120      -0.18325360
  121      -0.18274485
  122      -0.18294776
  123      -0.18318958
  124      -0.18300902
  125      -0.18301773
  126      -0.18318914
  127      -0.18294766
  128      -0.18274029
  129      -0.18317842
  130      -0.18301158
  131      -0.18274226
  132      -0.18294211
  133      -0.14247758
  134      -0.14282163
  135      -0.14167915
  136      -0.14213643
  137      -0.14239765
  138      -0.14270042
  139      -0.14165072
  140      -0.14212476
  141      -0.14251845
  142      -0.14277074
  143      -0.14167442
  144      -0.14208043
  145      -0.14194002
  146      -0.14264129
  147      -0.14194190
  148      -0.14276998
  149      -0.14289378
  150      -0.14194255
  151      -0.14273373
  152      -0.14196551
  153      -0.14190264
  154      -0.14283412
  155      -0.14196414
  156      -0.14277467
  157      -0.11712584
  158      -0.11787837
  159      -0.11722733
  160      -0.11786108
  161      -0.11712584
  162      -0.11787585
  163      -0.11723036
  164      -0.11785529
  165      -0.11713782
  166      -0.11788289
  167      -0.11722390
  168      -0.11786056
  169      -0.11778762
  170      -0.11785843
  171      -0.11706177
  172      -0.11787591
  173      -0.11787665
  174      -0.11705638
  175      -0.11785102
  176      -0.11779288
  177      -0.11706383
  178      -0.11787353
  179      -0.11779016
  180      -0.11785698
  181       0.27428192
  182       0.27488917
  183       0.27475418
  184       0.27454737
  185       0.27428422
  186       0.27488774
  187       0.27475708
  188       0.27454713
  189       0.27428789
  190       0.27488840
  191       0.27475196
  192       0.27454881
  193       0.27481775
  194       0.27487023
  195       0.27423401
  196       0.27494748
  197       0.27495393
  198       0.27423070
  199       0.27486895
  200       0.27481812
  201       0.27423685
  202       0.27494830
  203       0.27481848
  204       0.27487154
  205      -0.01125794
  206      -0.01134804
  207      -0.01118862
  208      -0.01113975
  209      -0.01125842
  210      -0.01135877
  211      -0.01118920
  212      -0.01114256
  213      -0.01125740
  214      -0.01134574
  215      -0.01118648
  216      -0.01114176
  217      -0.01128975
  218      -0.01121041
  219      -0.01133787
  220      -0.01127534
  221      -0.01130180
  222      -0.01135229
  223      -0.01119979
  224      -0.01128966
  225      -0.01133313
  226      -0.01128219
  227      -0.01129391
  228      -0.01122163
  229       0.09420876
  230       0.09457755
  231       0.09448460
  232       0.09404376
  233       0.09420740
  234       0.09457578
  235       0.09448582
  236       0.09404145
  237       0.09420909
  238       0.09457460
  239       0.09448011
  240       0.09403551
  241       0.09412051
  242       0.09423236
  243       0.09423233
  244       0.09454560
  245       0.09454249
  246       0.09423373
  247       0.09422444
  248       0.09412005
  249       0.09423299
  250       0.09454740
  251       0.09412466
  252       0.09422406
  253       0.08259846
  254       0.08288232
  255       0.08325678
  256       0.08318894
  257       0.08260075
  258       0.08288342
  259       0.08325310
  260       0.08318653
  261       0.08259869
  262       0.08288855
  263       0.08325463
  264       0.08319435
  265       0.08260892
  266       0.08304749
  267       0.08302026
  268       0.08320028
  269       0.08319933
  270       0.08302474
  271       0.08305225
  272       0.08260791
  273       0.08302816
  274       0.08319608
  275       0.08261159
  276       0.08304673
  277       0.08891333
  278       0.08851420
  279       0.08841269
  280       0.08825940
  281       0.08891333
  282       0.08851139
  283       0.08841465
  284       0.08825755
  285       0.08891757
  286       0.08851248
  287       0.08841963
  288       0.08826466
  289       0.08880438
  290       0.08861711
  291       0.08853440
  292       0.08825948
  293       0.08825084
  294       0.08852946
  295       0.08860730
  296       0.08880476
  297       0.08852880
  298       0.08825084
  299       0.08879936
  300       0.08861604
  301       0.09666577
  302       0.09647485
  303       0.09682528
  304       0.09643049
  305       0.09666573
  306       0.09646746
  307       0.09681984
  308       0.09641554
  309       0.09666814
  310       0.09648761
  311       0.09682372
  312       0.09643608
  313       0.09645494
  314       0.09652648
  315       0.09652753
  316       0.09653241
  317       0.09652596
  318       0.09652701
  319       0.09651913
  320       0.09645323
  321       0.09652623
  322       0.09652841
  323       0.09645041
  324       0.09651854
  325       0.08900018
  326       0.08873689
  327       0.08777056
  328       0.08925998
  329       0.08900224
  330       0.08873118
  331       0.08777004
  332       0.08925446
  333       0.08900310
  334       0.08873279
  335       0.08777006
  336       0.08925547
  337       0.08911635
  338       0.08850331
  339       0.08900003
  340       0.08806557
  341       0.08805765
  342       0.08899711
  343       0.08850749
  344       0.08910849
  345       0.08899810
  346       0.08805714
  347       0.08910607
  348       0.08850383
  349      -0.07763532
  350      -0.07761307
  351      -0.07753556
  352      -0.07767555
  353      -0.07763285
  354      -0.07760807
  355      -0.07753309
  356      -0.07767729
  357      -0.07763359
  358      -0.07761050
  359      -0.07753207
  360      -0.07767458
  361      -0.07774453
  362      -0.07759392
  363      -0.07783119
  364      -0.07753480
  365      -0.07754061
  366      -0.07782869
  367      -0.07759771
  368      -0.07774791
  369      -0.07782921
  370      -0.07753616
  371      -0.07774909
  372      -0.07759650
  373       0.08274201
  374       0.08273058
  375       0.08267571
  376       0.08275794
  377       0.08274096
  378       0.08272536
  379       0.08267138
  380       0.08275633
  381       0.08274083
  382       0.08273094
  383       0.08267378
  384       0.08275711
  385       0.08276292
  386       0.08285658
  387       0.08272066
  388       0.08260459
  389       0.08260835
  390       0.08271783
  391       0.08285709
  392       0.08276665
  393       0.08272004
  394       0.08260794
  395       0.08276808
  396       0.08285837
  397       0.09273048
  398       0.09274882
  399       0.09291918
  400       0.09236311
  401       0.09273120
  402       0.09274556
  403       0.09292333
  404       0.09237360
  405       0.09273066
  406       0.09274824
  407       0.09291634
  408       0.09237360
  409       0.09282581
  410       0.09268250
  411       0.09265951
  412       0.09285913
  413       0.09285357
  414       0.09265823
  415       0.09268004
  416       0.09282712
  417       0.09266197
  418       0.09285663
  419       0.09282795
  420       0.09268561
  421       0.04883555
  422       0.04875515
  423       0.04882002
  424       0.04875102
  425       0.04883802
  426       0.04874660
  427       0.04881842
  428       0.04876233
  429       0.04883304
  430       0.04875234
  431       0.04881929
  432       0.04875547
  433       0.04890315
  434       0.04882232
  435       0.04868619
  436       0.04889109
  437       0.04888875
  438       0.04868606
  439       0.04880735
  440       0.04890411
  441       0.04868520
  442       0.04888741
  443       0.04890286
  444       0.04877956
  445      -0.00512328
  446      -0.00507302
  447      -0.00506864
  448      -0.00498526
  449      -0.00511941
  450      -0.00505998
  451      -0.00506634
  452      -0.00497794
  453      -0.00512375
  454      -0.00507547
  455      -0.00506652
  456      -0.00498911
  457      -0.00518023
  458      -0.00519663
  459      -0.00487245
  460      -0.00514291
  461      -0.00515109
  462      -0.00486984
  463      -0.00520549
  464      -0.00518135
  465      -0.00487201
  466      -0.00514444
  467      -0.00518188
  468      -0.00521666
  469       0.05793248
  470       0.05741235
  471       0.05731901
  472       0.05706390
  473       0.05793210
  474       0.05740736
  475       0.05731761
  476       0.05706921
  477       0.05793518
  478       0.05741312
  479       0.05732231
  480       0.05706906
  481       0.05771695
  482       0.05723476
  483       0.05733813
  484       0.05741363
  485       0.05740713
  486       0.05733446
  487       0.05722941
  488       0.05771633
  489       0.05733350
  490       0.05740894
  491       0.05771311
  492       0.05723011
  493       0.08517522
  494       0.08525381
  495       0.08520513
  496       0.08537627
  497       0.08517742
  498       0.08524054
  499       0.08520636
  500       0.08535218
  501       0.08517245
  502       0.08526571
  503       0.08520382
  504       0.08538878
  505       0.08537238
  506       0.08529131
  507       0.08526947
  508       0.08519592
  509       0.08519652
  510       0.08526945
  511       0.08530057
  512       0.08537199
  513       0.08528241
  514       0.08519945
  515       0.08537325
  516       0.08531491
  517       0.06622805
  518       0.06613119
  519       0.06605457
  520       0.06614185
  521       0.06622561
  522       0.06612737
  523       0.06605255
  524       0.06614376
  525       0.06622607
  526       0.06612802
  527       0.06605377
  528       0.06614188
  529       0.06590675
  530       0.06609848
  531       0.06604840
  532       0.06612365
  533       0.06612497
  534       0.06605020
  535       0.06609958
  536       0.06590739
  537       0.06604152
  538       0.06612654
  539       0.06590736
  540       0.06609493
  541       0.37791472
  542       0.37793784
  543       0.37775573
  544       0.37796274
  545       0.37791602
  546       0.37794431
  547       0.37775526
  548       0.37796104
  549       0.37791426
  550       0.37793847
  551       0.37775488
  552       0.37795661
  553       0.37797252
  554       0.37790855
  555       0.37791291
  556       0.37790461
  557       0.37791266
  558       0.37790729
  559       0.37792316
  560       0.37797248
  561       0.37791679
  562       0.37790647
  563       0.37797232
  564       0.37791726
