           6
 F F F T         276           1   768.00000000000034     
   1.0566793125678926        2.8078219313414383        0.0000000000000000        0.0000000000000000     
   1.0581462458504032        2.9429387828622056        0.0000000000000000        0.0000000000000000     
  0.97394879263950029     
   1.0315011980615876        3.0831582732509450        0.0000000000000000        0.0000000000000000     
   1.3418332375805260        3.8438789389331056        0.0000000000000000        0.0000000000000000     
   1.1101295699376041       0.66634801064442317        0.0000000000000000        0.0000000000000000     
   1.0563020330519068        2.8076726188188292        0.0000000000000000        0.0000000000000000     
   1.0587400660784601        2.9426746094566516        0.0000000000000000        0.0000000000000000     
  0.97273278035629052     
   1.0313910557099077        3.0816506419536243        0.0000000000000000        0.0000000000000000     
   1.3414907319902469        3.8450701555918787        0.0000000000000000        0.0000000000000000     
   1.1114711912450281       0.66369155201322727        0.0000000000000000        0.0000000000000000     
   1.0559434809992816        2.8070973564337138        0.0000000000000000        0.0000000000000000     
   1.0590522940573930        2.9416364229202636        0.0000000000000000        0.0000000000000000     
  0.97168116567566898     
   1.0314930169549630        3.0815515315532314        0.0000000000000000        0.0000000000000000     
  0.94541469432828917     
  0.93416551009551663     
  0.93438820867716099     
   1.3410337381075768        3.8483904741748960        0.0000000000000000        0.0000000000000000     
   1.0561805285890589        2.8074891778911040        0.0000000000000000        0.0000000000000000     
   1.0586526088279862        2.9421143760505952        0.0000000000000000        0.0000000000000000     
  0.97430604039314461     
   1.0311726867371058        3.0805218681939568        0.0000000000000000        0.0000000000000000     
  0.94855343806384584     
  0.93503680625434271     
  0.93217290373589889     
   1.3400345253378949        3.8463464243239751        0.0000000000000000        0.0000000000000000     
   1.0564785153337435        2.8077262301298909        0.0000000000000000        0.0000000000000000     
   1.0585029658835561        2.9430087309004058        0.0000000000000000        0.0000000000000000     
  0.97335155980330523     
   1.0313911717471103        3.0829575642735914        0.0000000000000000        0.0000000000000000     
   1.3420740895674534        3.8440889351052858        0.0000000000000000        0.0000000000000000     
   1.1100803366115890       0.66637006217275363        0.0000000000000000        0.0000000000000000     
   1.0560369546764437        2.8074348304042469        0.0000000000000000        0.0000000000000000     
   1.0588050012691563        2.9418714429408785        0.0000000000000000        0.0000000000000000     
  0.97243807042858932     
   1.0311958798004659        3.0801442318144181        0.0000000000000000        0.0000000000000000     
   1.3415804382537897        3.8462251276779451        0.0000000000000000        0.0000000000000000     
   1.1103725284591628       0.66699417902011848        0.0000000000000000        0.0000000000000000     
   1.0559401465389662        2.8073001106298272        0.0000000000000000        0.0000000000000000     
   1.0587897911558140        2.9413130483500782        0.0000000000000000        0.0000000000000000     
  0.97254834407269564     
   1.0314367585164526        3.0815740581218183        0.0000000000000000        0.0000000000000000     
  0.94593996623666410     
  0.93473545906402000     
  0.93334050115027378     
   1.3405737577849566        3.8490015944622162        0.0000000000000000        0.0000000000000000     
   1.0560202634113851        2.8070670756107923        0.0000000000000000        0.0000000000000000     
   1.0585974695403491        2.9421695019334155        0.0000000000000000        0.0000000000000000     
  0.97371501636518265     
   1.0312832721658001        3.0806264363687106        0.0000000000000000        0.0000000000000000     
  0.94815740372707502     
  0.93342395967827863     
  0.93439333114754530     
   1.3406551646475822        3.8449734566899121        0.0000000000000000        0.0000000000000000     
   1.0561636708421944        2.8079909976776536        0.0000000000000000        0.0000000000000000     
   1.0588519023815257        2.9425073428182280        0.0000000000000000        0.0000000000000000     
  0.97233913224880841     
   1.0310654324118433        3.0806805954797976        0.0000000000000000        0.0000000000000000     
   1.3417763715535482        3.8466654201837645        0.0000000000000000        0.0000000000000000     
   1.1096417772956102       0.66882289801494188        0.0000000000000000        0.0000000000000000     
   1.0561438534197856        2.8079596478504443        0.0000000000000000        0.0000000000000000     
   1.0591613865216909        2.9406367949111916        0.0000000000000000        0.0000000000000000     
  0.97170413308690884     
   1.0314154543051204        3.0818828420237461        0.0000000000000000        0.0000000000000000     
  0.94597137310043833     
  0.93609421606735455     
  0.93313808173526136     
   1.3393116612086402        3.8469162444301443        0.0000000000000000        0.0000000000000000     
   1.1114537288532194       0.66347475380920407        0.0000000000000000        0.0000000000000000     
   1.0560021134171484        2.8078756837185028        0.0000000000000000        0.0000000000000000     
   1.0582479354748715        2.9424793206634332        0.0000000000000000        0.0000000000000000     
  0.97424144514073974     
   1.0311756760918251        3.0802962626544881        0.0000000000000000        0.0000000000000000     
   1.3414917973585720        3.8462295880838955        0.0000000000000000        0.0000000000000000     
   1.1100130303635514       0.66747889001636740        0.0000000000000000        0.0000000000000000     
   1.0562889051331152        2.8077018212141192        0.0000000000000000        0.0000000000000000     
   1.0589181473211262        2.9412617589672605        0.0000000000000000        0.0000000000000000     
  0.97363637373571577     
   1.0311379894592914        3.0816888984810138        0.0000000000000000        0.0000000000000000     
  0.94601999797217562     
  0.93645131406702953     
  0.93360151386556356     
   1.3392892308419899        3.8453381107798843        0.0000000000000000        0.0000000000000000     
   1.1111935746588195       0.66429750049344050        0.0000000000000000        0.0000000000000000     
   1.0588253787791930        2.9427841553055738        0.0000000000000000        0.0000000000000000     
  0.97203307018273277     
   1.3412747277891650        3.8458667606265871        0.0000000000000000        0.0000000000000000     
   1.0588652504022689        2.9410690239099213        0.0000000000000000        0.0000000000000000     
  0.97343996280319700     
  0.94775426795446227     
  0.93576408601872585     
  0.93352142055532672     
   1.3394387649703994        3.8445027300507735        0.0000000000000000        0.0000000000000000     
   1.0586780305059080        2.9421464390209224        0.0000000000000000        0.0000000000000000     
  0.97202555395983914     
   1.3406103465703469        3.8454714336342879        0.0000000000000000        0.0000000000000000     
   1.0595134699228597        2.9407142594511684        0.0000000000000000        0.0000000000000000     
  0.97080992862378956     
  0.94840994435493198     
  0.93454773495984345     
  0.93398544841103381     
   1.3396194916654904        3.8458123118234702        0.0000000000000000        0.0000000000000000     
   1.0588926180330831        2.9417235042742598        0.0000000000000000        0.0000000000000000     
  0.97346979049112536     
  0.94629786844570396     
  0.93474441801278318     
  0.93299382967870514     
   1.3398808269365821        3.8461813502563169        0.0000000000000000        0.0000000000000000     
   1.1118649446903262       0.66195002870186237        0.0000000000000000        0.0000000000000000     
   1.0587731789837542        2.9414580535731640        0.0000000000000000        0.0000000000000000     
  0.97402575630262822     
   1.3400988319053058        3.8473636967789466        0.0000000000000000        0.0000000000000000     
   1.1109128865811488       0.66459223030922343        0.0000000000000000        0.0000000000000000     
   1.0596672633387652        2.9412563215432277        0.0000000000000000        0.0000000000000000     
  0.97079735691128899     
  0.94300380511100734     
  0.93873587530405522     
  0.93297095446817657     
   1.3408252393173887        3.8483757503355829        0.0000000000000000        0.0000000000000000     
   1.1108333934002719       0.66433966057932414        0.0000000000000000        0.0000000000000000     
   1.0587958358848903        2.9419712163561327        0.0000000000000000        0.0000000000000000     
  0.97319308194012089     
  0.94928655138109008     
  0.93456680990226382     
  0.93258662052861485     
   1.3391744400373409        3.8454812111310188        0.0000000000000000        0.0000000000000000     
   1.0590380760913050        2.9413712208247214        0.0000000000000000        0.0000000000000000     
  0.97145081017254276     
   1.3395940120498115        3.8450361009762895        0.0000000000000000        0.0000000000000000     
   1.1099500866035583       0.66756221697098761        0.0000000000000000        0.0000000000000000     
   1.0588179293067153        2.9426018293057843        0.0000000000000000        0.0000000000000000     
  0.97229224560585958     
   1.3404573206205201        3.8444443550118628        0.0000000000000000        0.0000000000000000     
   1.0597574662470082        2.9412052438838665        0.0000000000000000        0.0000000000000000     
  0.97038205167072100     
  0.94222825342430361     
  0.93891200817699527     
  0.93306139086565587     
   1.3402815885771304        3.8478090919707815        0.0000000000000000        0.0000000000000000     
   1.0589004919521170        2.9412194852550129        0.0000000000000000        0.0000000000000000     
  0.97253629888526083     
   1.3398852238098136        3.8458710820487401        0.0000000000000000        0.0000000000000000     
   1.0561828217760785        2.8076549164467464        0.0000000000000000        0.0000000000000000     
   1.0591868677336413        2.9415973823119539        0.0000000000000000        0.0000000000000000     
  0.97229737939938676     
   1.0312820916116454        3.0808145266163542        0.0000000000000000        0.0000000000000000     
  0.94720078584667677     
  0.93578199753451685     
  0.93283563323021701     
   1.3404121562762292        3.8462522121489466        0.0000000000000000        0.0000000000000000     
   1.0564478547556850        2.8074515669089157        0.0000000000000000        0.0000000000000000     
   1.0589451934206591        2.9417851121273482        0.0000000000000000        0.0000000000000000     
  0.97142169906021136     
   1.0315191316395451        3.0837347498124292        0.0000000000000000        0.0000000000000000     
   1.3413649631226681        3.8442760423457214        0.0000000000000000        0.0000000000000000     
   1.0564659031761434        2.8083222835133541        0.0000000000000000        0.0000000000000000     
   1.0595215199327759        2.9414046448516165        0.0000000000000000        0.0000000000000000     
  0.97110840416905198     
   1.0314093722101971        3.0827885715672023        0.0000000000000000        0.0000000000000000     
  0.94381261276408901     
  0.93809827551016312     
  0.93337831814128491     
   1.3391930188199159        3.8476160689791432        0.0000000000000000        0.0000000000000000     
   1.0564423470602349        2.8072607182726181        0.0000000000000000        0.0000000000000000     
   1.0593933524020087        2.9416334417406782        0.0000000000000000        0.0000000000000000     
  0.97225989061209783     
   1.0315908700660730        3.0837840658030462        0.0000000000000000        0.0000000000000000     
  0.94231433675054899     
  0.93764887045010914     
  0.93216968938001055     
   1.3406230523731157        3.8491981284659684        0.0000000000000000        0.0000000000000000     
   1.0562375834465982        2.8071215768899753        0.0000000000000000        0.0000000000000000     
   1.0590031122434309        2.9414044589062112        0.0000000000000000        0.0000000000000000     
  0.97246877592780856     
   1.0314224434179688        3.0817279110614915        0.0000000000000000        0.0000000000000000     
  0.94536385737567119     
  0.93511879385410668     
  0.93413560892743119     
   1.3394100829828783        3.8468350686607522        0.0000000000000000        0.0000000000000000     
   1.0562626005260785        2.8069644461242746        0.0000000000000000        0.0000000000000000     
   1.0591736547350536        2.9415187051518128        0.0000000000000000        0.0000000000000000     
  0.97293263802269192     
   1.0316400549685838        3.0832631202294318        0.0000000000000000        0.0000000000000000     
   1.3407904568958804        3.8487888530236694        0.0000000000000000        0.0000000000000000     
   1.0559442145762759        2.8077612489959818        0.0000000000000000        0.0000000000000000     
   1.0588511325109542        2.9416001023750598        0.0000000000000000        0.0000000000000000     
  0.97220315828649451     
   1.0312840185663106        3.0802852244818486        0.0000000000000000        0.0000000000000000     
   1.3409563317672279        3.8445964828867401        0.0000000000000000        0.0000000000000000     
   1.0562512570169831        2.8073018281558748        0.0000000000000000        0.0000000000000000     
   1.0589734317050890        2.9415628018740967        0.0000000000000000        0.0000000000000000     
  0.97130906321203048     
   1.0314124169057493        3.0830318224522117        0.0000000000000000        0.0000000000000000     
   1.3404976842604064        3.8440568584800889        0.0000000000000000        0.0000000000000000     
   1.0565670379391576        2.8073399088015769        0.0000000000000000        0.0000000000000000     
   1.0582176626517565        2.9431488934418728        0.0000000000000000        0.0000000000000000     
  0.97425512514343171     
   1.0312828706139849        3.0824614173918432        0.0000000000000000        0.0000000000000000     
   1.3416476698246693        3.8447005974686514        0.0000000000000000        0.0000000000000000     
   1.0562062922500466        2.8073482443740971        0.0000000000000000        0.0000000000000000     
   1.0592112728175296        2.9412831539585156        0.0000000000000000        0.0000000000000000     
  0.97247125646654331     
   1.0313618138474570        3.0821563041806010        0.0000000000000000        0.0000000000000000     
  0.94503445330676605     
  0.93733940680120087     
  0.93245141542076915     
   1.3397511932205899        3.8475899976867902        0.0000000000000000        0.0000000000000000     
   1.0560391345283877        2.8073066027843017        0.0000000000000000        0.0000000000000000     
   1.0586297962671101        2.9421494970390256        0.0000000000000000        0.0000000000000000     
  0.97308291769856703     
   1.0314746866387827        3.0816008236670211        0.0000000000000000        0.0000000000000000     
   1.3416782931933129        3.8470573836885995        0.0000000000000000        0.0000000000000000     
   1.0562144114652512        2.8072117980864375        0.0000000000000000        0.0000000000000000     
   1.0589832045236574        2.9415442966281016        0.0000000000000000        0.0000000000000000     
  0.97277820689562033     
   1.0313545465235536        3.0819673413538666        0.0000000000000000        0.0000000000000000     
  0.94550936229114269     
  0.93447879034040648     
  0.93350103291717612     
   1.3397223557404041        3.8455597225647096        0.0000000000000000        0.0000000000000000     
   1.0583667216037826        2.9426099547250493        0.0000000000000000        0.0000000000000000     
  0.97415479019479667     
   1.3404910341025169        3.8457301929908185        0.0000000000000000        0.0000000000000000     
   1.0592846131220963        2.9418423051831368        0.0000000000000000        0.0000000000000000     
  0.97190777206098067     
  0.94423419020947530     
  0.93626119697373711     
  0.93275931154991498     
   1.3397517813554987        3.8461760168298391        0.0000000000000000        0.0000000000000000     
   1.0586419261568154        2.9427496105262652        0.0000000000000000        0.0000000000000000     
  0.97278477343803071     
   1.3419798978442210        3.8457884902467669        0.0000000000000000        0.0000000000000000     
   1.0592876672359759        2.9412350316209381        0.0000000000000000        0.0000000000000000     
  0.97155388550086863     
  0.94644520528300824     
  0.93467406079869020     
  0.93323708558353557     
   1.3389849925617849        3.8467858399855572        0.0000000000000000        0.0000000000000000     
   1.0587104508663485        2.9420121944008875        0.0000000000000000        0.0000000000000000     
  0.97408193702781876     
  0.94221610999886851     
  0.93744977627057124     
  0.93325014377910931     
   1.3403085041267371        3.8482980622815925        0.0000000000000000        0.0000000000000000     
   1.0587510803497227        2.9418260714920721        0.0000000000000000        0.0000000000000000     
  0.97358371647723430     
  0.94368350747831142     
  0.93631393167706911     
  0.93311016327607021     
   1.3404621679187632        3.8489944749803318        0.0000000000000000        0.0000000000000000     
   1.0588842823927629        2.9420616148507035        0.0000000000000000        0.0000000000000000     
  0.97201448842813154     
   1.3406794112654079        3.8454455203519857        0.0000000000000000        0.0000000000000000     
   1.0587032905528411        2.9422644331915859        0.0000000000000000        0.0000000000000000     
  0.97279693433129355     
  0.94324838791191956     
  0.93231319097464804     
  0.93626978325476762     
   1.3418015457560017        3.8445121777557554        0.0000000000000000        0.0000000000000000     
   1.0592385348396185        2.9413956480424353        0.0000000000000000        0.0000000000000000     
  0.97199374909596914     
  0.94886218487898577     
  0.93581642985460523     
  0.93249713365764797     
   1.3406267970922756        3.8487280666178836        0.0000000000000000        0.0000000000000000     
   1.0584949095649816        2.9423210338072554        0.0000000000000000        0.0000000000000000     
  0.97357656614923149     
   1.3417483465416484        3.8434467910594878        0.0000000000000000        0.0000000000000000     
   1.0589887525879584        2.9422675232495532        0.0000000000000000        0.0000000000000000     
  0.97167505517348063     
   1.3419823066588812        3.8460869551773049        0.0000000000000000        0.0000000000000000     
   1.0587271574726214        2.9421570520826967        0.0000000000000000        0.0000000000000000     
  0.97201459986202110     
   1.3420883303968731        3.8447170514254223        0.0000000000000000        0.0000000000000000     
 3 6
   9.4560501419051254E-003
   3.3880513255774070E-002
  -9.3866435680047145E-003
  -8.5303716917776953E-002
 -0.10443927263170705     
  -1.8970726202842850E-002
  -4.6964385726012067E-002
  0.11117190048288887     
 -0.10283114341675970     
   2.6181063842444362E-002
   6.9543448493789614E-002
  -1.8112904613166673E-002
   9.9339411232305025E-002
   3.9325270581093724E-002
   6.4176972940896498E-002
   1.3498870332668758E-002
  -2.3362685280048727E-003
  -3.5162826340072026E-003
   3.3505013833529738E-002
  -8.4226703086395134E-003
   8.4553056653899356E-003
 -0.10727280848638883     
   8.1156942456784120E-002
   2.2056749711249428E-002
  0.11049679565634959     
   4.4738090081585344E-002
  0.10480695360046817     
   7.2188392871678331E-002
  -1.9194206661841372E-002
   1.4717579814177210E-002
   4.2295982105262281E-002
  -9.2063041712108426E-002
  -7.2661210608007024E-002
   6.8402591170160223E-003
   3.9849877606856557E-003
   2.3121226092812832E-003
  -1.0037096664398237E-002
  -3.1615590268732105E-002
  -1.1175712549324786E-002
   9.0409704410731012E-002
  0.10131354757405153     
  -1.0387582948317315E-002
   3.5726844210646855E-002
 -0.10055567104148717     
 -0.11757300179535862     
  -2.2747751981299250E-002
  -6.8189189110440696E-002
  -2.2690584967511238E-002
   8.2113336734082956E-002
  -2.4133967350509451E-002
   9.3614580005454875E-002
   6.0979036784521240E-002
   6.3183266687064754E-002
  -9.3145920535022200E-002
  -9.6240699169660382E-002
   6.7955089594968113E-002
   5.0443922910149763E-002
  -9.6824493008748194E-002
  -4.0518496613765491E-002
   6.6640219191672873E-002
  -3.3049371073947287E-002
   9.1156224007581388E-003
   8.6139116782458849E-003
  0.10577128208856557     
  -8.2155954080891075E-002
   2.1243257476458582E-002
 -0.10936824960979405     
  -4.4381446578213045E-002
  0.10544329603269206     
  -7.1638169765706278E-002
   1.5895871153648541E-002
   1.9717295969782844E-002
  -1.1160171440569744E-002
 -0.10305248921974573     
  -6.8165005082217026E-002
   7.2034039810354528E-002
  -3.2169948154590240E-002
  0.10139215470084899     
   5.2981393858204093E-002
   9.2368712523580560E-002
  -7.1459541604431756E-002
  -4.0414919327025310E-002
   9.3930084502704195E-002
  -7.1029323029792493E-002
   9.0644113158896821E-003
  -3.3365838976777959E-002
   1.0021829091574366E-002
  -8.3956850548329104E-002
  0.10604529351562719     
   1.6945825482338847E-002
  -4.6560386856238339E-002
 -0.10747503828007203     
  0.10708264354654488     
   2.5221869584295394E-002
  -6.9170086211100879E-002
   1.8730251713087873E-002
   9.7295326167475854E-002
  -4.3023968601840441E-002
  -6.5359807835804640E-002
   1.0373434821949514E-002
  -3.7594969371167490E-005
   4.2976770975789325E-003
  -3.2457019400447658E-002
  -9.2989238800129850E-003
  -9.5901620362534423E-003
  0.10740197925208859     
   8.2158500425721467E-002
  -1.6248348791789841E-002
 -0.10220568581801205     
   4.1680610727142443E-002
 -0.11400832387196823     
  -7.0718943944119469E-002
  -1.9676727339556183E-002
  -1.7968651433816926E-002
  -4.6542032944680421E-002
  -9.2463509081099529E-002
   7.1145714557961176E-002
  -1.2710930997393865E-003
   6.4388564902179866E-003
  -2.2610505881013186E-003
  -1.0978589109874369E-002
   3.1083140866258480E-002
   1.1880254016130753E-002
   9.2684411212003437E-002
  -9.8955810438534839E-002
   8.7909675230377834E-003
   3.4193725706598899E-002
   9.9776572219208756E-002
  0.11866144768043660     
  -2.2628605244032998E-002
   6.7568001172582007E-002
   2.4922054239976395E-002
   9.0330415732034736E-002
   2.7184569988124151E-002
  -8.4760923721026005E-002
   5.3275112770220630E-002
  -6.9020271577112421E-002
   9.3997645483378245E-002
  -9.3230801876906771E-002
  -6.3442260794149066E-002
  -6.0859008499706664E-002
  -9.8680869343686056E-002
   3.8376043425602600E-002
  -6.4921954295522638E-002
   3.2158450126833923E-002
   9.3612539446979968E-003
  -9.0091103883104297E-003
 -0.10266882660703763     
  -8.7319123008228403E-002
  -1.6148750166561629E-002
  0.10627054965525444     
  -3.8365440642026620E-002
 -0.11130476190403769     
   7.0034108339796231E-002
   2.1720886327015482E-002
  -1.8101064332767213E-002
   1.7600329211860728E-002
  -7.0319215996657691E-002
  0.10247693843658578     
  -5.4635139768500061E-002
  -7.0945366280367572E-002
  -9.2138982588100729E-002
  -7.2961921413729078E-002
   9.8969329250098353E-002
   3.6058042900657422E-002
   4.0213597429768280E-002
   9.5551168455947397E-002
   6.9642643638384488E-002
  -1.0065001757550478E-002
   9.3917920663041509E-003
   3.2574802871335337E-002
  -1.5910538301114188E-002
  -8.4089285568928446E-002
 -0.10518502818613713     
 -0.11240324786141888     
  -4.1898128640351660E-002
  0.10409317680447490     
  -1.7953524808975167E-002
   2.1325012748629513E-002
   7.0050870482576619E-002
   6.9055051652205046E-002
   9.4940200179049916E-002
   4.4219229914268916E-002
  -2.7648277618816373E-003
  -1.8097324222760764E-003
   1.7376241944301722E-003
   1.1160350740868359E-002
   1.0452192956415684E-002
  -3.2152017967080768E-002
  -9.0660451186600641E-002
   1.3031125656766727E-002
  0.10042302919598535     
  -3.5314681893899851E-002
  0.11391414560126940     
 -0.10463432470712658     
   2.0169296866818624E-002
   2.4488871200544490E-002
  -6.8797061162881396E-002
 -0.11257079480233433     
  -5.4818878438472149E-002
  -1.8036125298077084E-002
  -2.2454471651948953E-002
   9.7774140846835764E-002
   7.9966249672892759E-002
   8.3961275209771730E-002
  -8.3441791828913467E-002
   4.8320707196059347E-002
   9.5876629068620212E-002
  -6.8675092388302592E-002
  -3.7447180025165665E-002
  -1.1164206242326181E-002
  -6.6387558730027383E-003
  -8.4143435188211043E-004
   9.6417913224456243E-003
  -1.0705497075025557E-002
   3.2064252472084068E-002
   1.4200192579613195E-002
   8.9148975774765701E-002
 -0.10080057799183453     
  0.10970629372778688     
   4.0097756604989571E-002
  0.10727619563722433     
   1.8816903247797653E-002
  -2.1423819222372763E-002
   6.9651730354356955E-002
  -6.5935435560053782E-002
  -9.9451234381577908E-002
   3.8215663816344829E-002
   5.2086093007555742E-004
  -7.0783161504019993E-003
  -5.1248055626800706E-003
  -1.0272490321767051E-002
  -9.5976538549301677E-003
  -3.2496805110534148E-002
   8.7746474978573866E-002
  -1.5871236647142687E-002
  0.10181665097400378     
   4.0526796484800218E-002
 -0.10919408216430417     
 -0.10742986930905868     
  -1.8627292197686333E-002
  -2.3847060887793172E-002
  -6.9392892536240619E-002
  0.11211870673370733     
   5.6345932378639073E-002
  -1.5110549821614014E-002
   2.1869307979236155E-002
  -9.8411708395082037E-002
   7.9559055021114267E-002
  -8.5694463719572442E-002
   8.2151369762088436E-002
   4.7767460375333338E-002
  -9.6968270722579006E-002
   6.7728038345203898E-002
  -3.8469178232789350E-002
  -1.2016034155019862E-002
   5.2384043670148086E-003
   4.8792643354705718E-003
  -1.5253710270729684E-002
   8.5822438896681980E-002
  0.10458537595033773     
 -0.11320885384575635     
   3.9540194739438220E-002
 -0.10419551104756665     
   6.8408342968229202E-002
  -9.5220696058978205E-002
  -4.2696850585540132E-002
   8.6604041973409263E-002
   1.8079002154270100E-002
 -0.10266122820509790     
   4.1195644888953123E-002
  0.10710208863885765     
  0.10908659480848486     
  0.10616629550500434     
  -6.3844112113722845E-002
   1.4568069429914191E-002
   2.9894083376960864E-002
  0.10033221270625999     
  -7.4450971398606292E-002
  -8.9160251454004094E-002
  -7.5152656455939132E-002
  -5.2831544516284190E-002
  -9.5828101765396356E-002
  -6.8645308745508213E-002
   3.8432308881017424E-002
   1.1247977450973818E-002
  -8.8562835204962984E-002
  0.10324158082647741     
  0.11644109774644157     
  -3.7942529778305714E-002
 -0.10077974734690184     
  -6.5806815776582928E-002
   9.6056087399619211E-002
  -4.2362653459818642E-002
  -8.6218627952394808E-002
  -1.4408354203526617E-002
 -0.10456900233762366     
  -3.7299770310177484E-002
 -0.11573189794918748     
  0.10199048949124274     
 -0.10048787099018590     
   7.1525539043424693E-002
   1.7826258412771447E-002
  -3.8644025608025698E-002
  -9.7914046017988837E-002
  -7.3357852863019893E-002
   9.2575218803820025E-002
   6.9491740076573244E-002
  -5.5145162745524598E-002
   9.2053436272062167E-002
   7.0674161713912720E-002
   4.3180653381177700E-002
 -0.10689720473728585     
  -2.0418967147525353E-002
  -8.0849476833412898E-002
  0.10960839134063921     
 -0.10411306861104247     
  -4.7792642384329509E-002
   7.0702485089460913E-003
   6.6917009287930304E-002
 -0.10619586903459473     
  -7.1725020188935756E-002
 -0.10243588373609749     
  -2.7802225685713000E-002
  -5.1038063728824745E-002
   7.2027278916526022E-002
   9.3076880442679533E-002
   4.2006046585518764E-002
   7.0451921038249779E-002
   9.3183437343500861E-002
  -9.3580877163681358E-004
  -5.6290148002211937E-004
  -1.0396993114725145E-003
 -0.10265943210430400     
   1.4395759235820916E-002
   8.6679072865909867E-002
  0.10526445025869816     
  0.11131618013136645     
   4.0917460469464845E-002
   4.0367445428214577E-002
  -6.8549526815303713E-002
  -9.6177059605433449E-002
  -3.2699956133674878E-003
   3.5923435877980069E-003
   5.5276592317258155E-004
   2.0075355835837066E-002
  0.10458712378386605     
  -8.3329522530459360E-002
  0.10894188782382630     
 -0.10826564577988972     
  -4.0839647822427896E-002
  -2.4261160319931155E-002
  -3.7255173379833577E-003
 -0.12548181083079032     
   9.3024998632166192E-002
   8.7245818305730402E-002
   1.4269448271378059E-002
 -0.10349634360199936     
   3.3092953686236361E-002
   6.7073423493708359E-002
  -7.1937704739905697E-002
  -3.9891383078002635E-002
   9.4068644023753145E-002
  -5.7713575561231505E-003
   2.4340081212188441E-003
   1.2117107342533389E-003
  0.10241223413955119     
  -1.8107987201401419E-002
   8.7817637625478742E-002
 -0.11169645111811233     
 -0.10426380141746501     
   4.1472584014345684E-002
  -1.5937551868263355E-002
   7.5308446761997161E-002
   9.7119979736074599E-002
   6.7765339176736092E-002
 -0.10099961356258874     
   4.1629374637837759E-002
   5.9490663380632899E-002
   6.5447049127552004E-002
  -9.2641910663004395E-002
  -3.4451847259275581E-002
   6.6636138660470717E-002
  -9.7750180601937339E-002
  -9.3752174561060990E-003
  -9.9160170031485265E-002
  -9.3000681347496977E-002
 -0.11882962155012525     
  0.10019083689795340     
  -3.2107897833136272E-002
   6.6651206314343611E-002
   3.8703514381857963E-002
   9.7388277168958079E-002
   8.9656202351325372E-003
   1.9180942708525467E-003
  -5.0695080601201390E-004
  0.10708205993104038     
   1.8873605183756380E-002
  -8.2402061555394576E-002
 -0.10881873186141207     
  0.10629879776483750     
  -4.5315743381755057E-002
  -4.1630670349353784E-002
  -6.8776256411329409E-002
   9.4755276366320640E-002
   2.0057543364745547E-002
 -0.10731852129675519     
   8.0516459199150195E-002
  0.11119401039965926     
  0.10533302414393866     
   4.2158253427556865E-002
  -1.5314551579259029E-002
  -1.5047541044091027E-003
  0.12697113941961805     
   8.7918998066111573E-002
  -8.9631161775023116E-002
  -2.4809039103031855E-002
 -0.10874448434851718     
  -2.7074409917958838E-002
  -6.1541917514713648E-002
  -7.2869679147757119E-002
   4.3976093799486450E-002
  -9.0930390135896863E-002
  -1.1263595910256101E-002
   9.9291877200323869E-002
   9.1858372352219247E-002
 -0.11622786384333596     
 -0.10245000785231295     
   3.4144476593234427E-002
   6.7865769162810438E-002
  -3.8899595964763924E-002
  -9.7218864871403174E-002
   9.1518011364571782E-003
   3.2720938686265438E-002
  -9.1062843732933555E-003
  -8.5009963528349525E-002
 -0.10428875475628421     
  -1.6927840519596438E-002
  -4.4663779248048111E-002
  0.10958499621186417     
 -0.10578184224889030     
   1.6054839253111349E-002
   7.0426291200837293E-002
  -2.1366890028005615E-002
 -0.10350752199642337     
   1.1705776789381655E-002
   6.7944633181727693E-002
  -3.0904919443328623E-002
  -7.3195431923489512E-002
 -0.10095552561565650     
   9.1788907694785968E-002
  -5.2435877655006437E-002
   7.2308035801928100E-002
   9.6581727168487577E-002
   3.9083349186299500E-002
   6.7836325171085607E-002
   3.3369611974587189E-002
  -1.0327745139441997E-002
   1.0708672500814245E-002
 -0.10567135489730999     
   8.4918272100017372E-002
   1.4875503440942340E-002
  0.10313737710660692     
   4.1684925238192026E-002
  0.11298539772153696     
   6.9025680870668071E-002
  -2.6216459773917254E-002
   2.0189770946037744E-002
   4.3815280240044080E-002
  -9.5963948143735905E-002
  -6.6627050139776767E-002
  -1.0060093646973493E-002
  -3.2995883467733536E-002
  -9.9648948346009476E-003
   8.6493802250994123E-002
  0.10321759875438219     
  -1.7893447711156540E-002
   3.9606322563969343E-002
 -0.10838127303848176     
 -0.10902879629713021     
  -1.8896421141153207E-002
  -6.9084131365913765E-002
  -2.4935101568720700E-002
  0.12377588304045416     
  -7.1743780245961302E-003
   3.0419264987726628E-002
  -6.5261880611618634E-003
   8.5710670564269564E-002
  -9.5168782640311964E-002
  -7.1116306847962094E-002
   3.6988672186158131E-002
   9.9612739909264628E-002
  -9.5153418053738961E-002
  -3.7197809130302920E-002
   6.8888797950474479E-002
  -3.3413956368077855E-002
   1.0514491286403404E-002
   9.0995913526547255E-003
  0.10259206586878944     
  -8.5234895501149557E-002
   2.0062890344170570E-002
 -0.10692323626344444     
  -3.6751320129829082E-002
  0.11162317108991111     
  -6.9447773032835711E-002
   1.9720148746317862E-002
   2.4741509570042872E-002
  -1.0530533950336540E-002
 -0.12195214526779637     
  -3.7942681740734230E-002
   8.4198919026765004E-002
  -9.8393388836032322E-004
   9.6808660250189596E-002
   3.9847553984539451E-002
   7.4985407308528290E-002
  -9.5270446185575050E-002
  -4.0243697557475998E-002
   9.2694589612399916E-002
  -7.3890690016419527E-002
   1.0007815420267666E-002
  -3.1883415941535501E-002
   1.0359463603996434E-002
  -9.0241915328796801E-002
  0.10076181682139777     
   1.2749704734513997E-002
  -3.4728638917734277E-002
 -0.10339046719982897     
  0.11535557920285437     
   2.0992220744738707E-002
  -6.8292887755516563E-002
   2.3957805170555097E-002
 -0.10582376465453049     
  -2.1673906065316207E-002
  -6.6616210132515286E-002
  -3.3967670689629269E-002
   7.5698685692156251E-002
   9.7643337481049683E-002
   8.8633246940810248E-002
   5.4179199747913492E-002
  -7.4917718835558825E-002
   9.5763433546229779E-002
  -3.8602381798585356E-002
  -6.8257841675671602E-002
  -3.2907269941358550E-002
  -1.0839998301709458E-002
  -9.5700362783922160E-003
  0.10268610243098870     
   8.5623780389897500E-002
  -1.8106375736120724E-002
 -0.10500988447827535     
   3.7170135030020188E-002
 -0.11313790436613989     
  -6.9419794619723113E-002
  -1.9478573396516711E-002
  -2.4025489916582141E-002
  -4.1437536595979145E-002
  -9.3456904004932076E-002
   7.2523216958150408E-002
  -1.0238833634573882E-002
   3.1524076527469726E-002
   1.0550237076866838E-002
   9.0367269949171700E-002
 -0.10142796845722435     
   9.5496952417051736E-003
   3.9609742294062320E-002
  0.10326626085893727     
  0.11385845279108908     
  -2.3275192364619838E-002
   6.8462835042460327E-002
   1.9531385611370588E-002
  -9.9645539256612195E-002
   3.9861687048162224E-002
  -6.3831151903529837E-002
   3.2311334000671529E-002
   1.0907842108089575E-002
  -1.1440273391883547E-002
 -0.10431114100679990     
  -8.7684038323298935E-002
  -1.0986511337676606E-002
   9.9879163594886522E-002
  -3.9048728523885169E-002
 -0.11679359846032665     
   6.8421522604119295E-002
   2.5691612250756547E-002
  -2.1423680021814225E-002
   4.3695964510372366E-002
   9.6248340070619290E-002
   6.5394306831408622E-002
  -8.9523635005379406E-003
   8.1889252312979128E-003
   3.4168152319038289E-002
  -2.1253827923636195E-002
  -8.0518989410343425E-002
 -0.10785946076740838     
 -0.10217063610031631     
  -4.9797912138895950E-002
  0.11028952831125406     
  -1.5688022855250373E-002
   2.0800747972195263E-002
   7.2058193186761835E-002
   6.7276212926481158E-002
   9.5709061205208640E-002
   4.2705303014307631E-002
   9.8400035158353570E-003
   9.4704481509074664E-003
  -3.2676448041271983E-002
  -8.6572464247217262E-002
   1.7185390107578087E-002
  0.10269820950258408     
  -4.0684672248677202E-002
  0.10851814882711749     
 -0.10840504524498935     
   1.8371003149557936E-002
   2.4710767027575291E-002
  -6.9397744760961916E-002
 -0.11827014996426471     
  -4.5292444958898170E-002
  -1.2035941130116343E-002
  -8.9983977361889986E-003
   9.8184491601452040E-002
   8.2145068247333738E-002
   7.9639092628275579E-002
  -9.0478405487330993E-002
   4.2692494384384327E-002
   9.6042115329446412E-002
  -6.9272724613243075E-002
  -3.7580931759656398E-002
   1.0850023497010334E-002
  -1.0606044688436837E-002
   3.1465436711842903E-002
   1.0466108318349619E-002
   8.9277748914904739E-002
 -0.10209364031698426     
  0.11560595747826391     
   3.8851736588168442E-002
  0.10151564793048723     
   2.1226409020347881E-002
  -2.3673880259197876E-002
   6.8596119041475903E-002
  -6.5152119854594862E-002
  -9.8752022578540807E-002
   4.1242721003355971E-002
  -9.2408423600327163E-003
  -8.0786117319759394E-003
  -3.3452122461400231E-002
   8.1971988140878027E-002
  -1.9300909237687808E-002
  0.10598553803908817     
   4.4559874337265507E-002
 -0.10731673346067588     
 -0.10794038224368795     
  -1.6452581437472691E-002
  -1.9674901755995369E-002
  -7.1834977722008447E-002
  0.10387082336246201     
   7.1988051572635173E-002
  -1.0041112789047917E-002
   3.3230149175365285E-002
 -0.10144826759392471     
   7.1190243999516123E-002
  -9.4080415219681732E-002
   6.8611366046314723E-002
   5.3221552201171009E-002
  -9.2774044154268945E-002
   7.2036175629058480E-002
  -4.2720319023459227E-002
  -2.0982397913959540E-002
   8.2877701081373753E-002
  0.10615473136475308     
 -0.10468292786637620     
   4.4762180270107914E-002
 -0.10973292446983623     
   6.9078033781133169E-002
  -9.3891730563236436E-002
  -4.0750485305359997E-002
   7.9628659202027358E-002
   2.3773392574704916E-002
 -0.10738294989695871     
   4.5109579755462530E-002
  0.10442641251549790     
  0.11063686115736357     
  0.11693297916336529     
  -4.9480848167299474E-002
   4.7388754297602023E-003
   9.4759351111305991E-003
  0.10158399207027272     
  -7.7579636551697709E-002
  -8.3544636994092647E-002
  -8.6041172170234576E-002
  -4.4302896515327171E-002
  -9.0735094696768326E-002
  -7.4021173729228770E-002
   4.1315199416610854E-002
   1.5721458402576757E-002
  -8.4751044209425877E-002
  0.10562054314762967     
  0.11161129909019506     
  -4.2165976234037769E-002
 -0.10483594255978027     
  -6.7772171266751724E-002
   9.5781846150262917E-002
  -4.3499703717123778E-002
  -9.0632027355289024E-002
  -1.3356066968101543E-002
 -0.10065341153344647     
  -3.3709844936246375E-002
 -0.11479085977057048     
  0.10430389835521296     
 -0.10548338945936520     
   6.6353904230424726E-002
   2.2442414779298300E-002
  -3.4522018448014433E-002
  -9.8035216377013054E-002
  -7.5455321737115014E-002
   8.7910573911954601E-002
   7.5431624951058721E-002
  -5.4538883083253852E-002
   9.6112582255931014E-002
   6.8600598450675815E-002
   3.6594527866547363E-002
 -0.10182776098073396     
  -1.7632012964641997E-002
  -8.7730519518123704E-002
  0.10851988399991024     
 -0.10844810425366300     
  -3.9954358188150373E-002
   1.1526450779229629E-002
   3.5847566954404442E-002
 -0.12226821454470296     
  -8.6098014057113204E-002
  -9.4948515308981768E-002
  -6.3048360963383150E-005
  -3.8684609695015318E-002
   9.6886038225598353E-002
   7.3914448351018583E-002
   3.7167422499776871E-002
   6.7763355378390386E-002
   9.7106768347020755E-002
  -9.9430011354809292E-002
   1.4920413695306896E-002
   9.0775591487377669E-002
  0.10713947148448209     
  0.11154233005645640     
   3.5268392900346598E-002
   1.9505851925200997E-002
  -5.1620744880969835E-002
  0.11517367031959937     
  -8.1140728785726729E-002
   9.7544155984174222E-002
   1.9070272972883766E-002
  -4.7752443567866225E-002
  -8.6540357529879444E-002
  -8.1344159337495336E-002
   3.4706474663322218E-002
  -6.7240996245438597E-002
  -9.8475992080818350E-002
   1.1117848480553239E-002
  0.10139733262746739     
  -9.0125939048879375E-002
  0.11556953609411484     
 -0.10226362729506100     
  -3.6895469170259709E-002
  -6.6498571046638311E-002
  -4.0657652873132263E-002
   9.7810481825324078E-002
  0.10368520186951315     
  -1.3477130711667368E-002
   8.7508694980550167E-002
 -0.10710602785542785     
 -0.10882891771161445     
   4.3417671094981215E-002
  -1.5520519764132726E-002
  0.11426078501541874     
   5.5286347925328737E-002
   4.6988695123722043E-002
  -8.4539538383728213E-002
   8.3867777223823936E-002
   7.9558518380155763E-002
   1.8933747982738079E-002
  -9.8999485626372938E-002
  -4.0225781935354921E-002
   6.4082809223745013E-002
  -9.8876926819694330E-002
  -1.4706619024627608E-002
 -0.10117710643901792     
  -8.8716790694162884E-002
 -0.11668273997119583     
  0.10238733798569206     
  -3.3630306770908266E-002
   6.3848360005490518E-002
   2.1095485304577378E-002
 -0.10454594954082962     
  -9.8075090262338585E-002
  -7.6463675227569375E-002
  -3.2368961011014122E-002
   7.6919819042368789E-002
  -5.3133657096028471E-002
   8.7452466684228972E-002
   7.1285112269226153E-002
   4.0191094518890517E-002
   9.4244736942544358E-002
  0.10463554365456366     
   1.3453173903551992E-002
  -8.5994600970528842E-002
 -0.10655382969958367     
  0.10815272114042364     
  -4.5926630419531884E-002
  -4.2318969325251934E-002
  -6.3455299650554894E-002
   9.8809777637147586E-002
   1.9133413839533261E-002
 -0.10640863991545083     
   8.2697303339614253E-002
  0.11153933316840353     
  0.10555341303170351     
   4.0773764213869926E-002
  -7.2503633935734349E-002
   4.4518356976331802E-002
  -9.2109086102085597E-002
  -1.4973672647747176E-002
  0.10602547324145774     
   8.4281029394107296E-002
 -0.11169290145890312     
 -0.10416907044549198     
   4.3725514784714058E-002
   6.7529323138334624E-002
  -4.4984719490714344E-002
  -9.5596600874485863E-002
  0.360737652837E-01
  0.728074127526E-01
 -0.369220640369E-01
  0.248497965416E+00
 -0.901429831162E-01
  0.848298753225E-03
  0.445133954654E-01
  0.350227637101E-01
 -0.668212828489E-01
  0.319603207432E+00
 -0.111570563454E+00
  0.223078873834E-01
  0.977591740283E-02
 -0.256048740419E-01
 -0.228357982731E-01
 -0.288294132309E-01
  0.231625414602E-01
  0.130598808703E-01
  0.653565757967E-01
 -0.877931514324E-01
 -0.135203358590E+00
  0.111435574793E-01
  0.809221503977E-01
  0.698467827934E-01
 -0.476537912915E-01
  0.961871548626E-02
  0.563015838685E-01
  0.439071636757E-01
 -0.824380065108E-01
 -0.864779257709E-02
 -0.331314609917E-01
  0.718584226554E-02
  0.114111795627E-01
  0.175567383880E-01
  0.636342896266E-02
  0.217202814290E-01
 -0.355031175196E-01
 -0.785048543082E-01
  0.124835093583E-01
  0.815366410792E-01
  0.249491557551E+00
  0.230196081613E-01
 -0.641520073841E-01
 -0.425582671158E-01
  0.118461379744E-01
  0.102600671149E+00
  0.322699219485E+00
  0.523058694097E-01
 -0.241885158348E-01
  0.244685031213E-01
  0.137210127461E-01
 -0.205671160128E-01
 -0.295033850904E-01
  0.104675030887E-01
 -0.143563529337E+00
  0.823681775657E-01
  0.704475935640E-01
 -0.763145379295E-01
  0.101871499899E-01
  0.731159357734E-01
  0.589924524843E-01
 -0.870876986814E-02
 -0.565303194288E-01
  0.784283290412E-01
  0.450306424814E-01
 -0.246213305542E-02
  0.246510192982E-01
  0.125721160073E-01
 -0.357744454675E-01
  0.131395248468E-01
  0.156061560327E-02
  0.111234261693E-01
  0.315941244601E-01
  0.972046288184E-01
 -0.659894304320E-01
 -0.234060960842E+00
  0.922658395104E-01
  0.343953059719E-01
  0.266641739025E-01
  0.665890879337E-01
 -0.102075201660E+00
 -0.308490193819E+00
  0.118508712416E+00
  0.754110277577E-01
  0.786159811934E-02
 -0.300723415142E-01
 -0.156916465618E-01
  0.236390302866E-01
 -0.261463313615E-01
  0.783004844246E-02
  0.565527729134E-01
 -0.959707337050E-01
 -0.113222425768E+00
 -0.235770538825E-01
 -0.967927370178E-01
  0.566696528544E-01
 -0.692304293799E-02
  0.179106903520E-01
  0.283260727541E-01
 -0.587664536479E-01
  0.211193087799E-01
 -0.214030298161E-01
  0.287107037529E-01
 -0.346892502868E-01
  0.326549843724E-03
  0.421238375831E-01
  0.361458206778E-01
 -0.290372535966E-01
 -0.350158391605E-01
  0.419140453434E-01
 -0.380756861822E-02
  0.335567149981E-01
 -0.296696282977E-01
  0.388234077788E-01
 -0.500014441447E-01
  0.221405106415E-01
  0.373082002510E-01
 -0.338809193154E-01
  0.872796554988E-01
  0.126932438937E-01
 -0.417070744088E-01
 -0.852715743653E-01
  0.182023928768E-01
 -0.825448196160E-01
 -0.246496266375E+00
  0.235046815320E-01
 -0.675741729194E-01
 -0.459478607989E-01
  0.160884742841E-01
 -0.103789253468E+00
 -0.321790962812E+00
  0.514856986353E-01
 -0.233851274811E-01
  0.255551188978E-01
  0.128848454381E-01
  0.223071237244E-01
  0.292061302548E-01
  0.105002820430E-01
 -0.135539012514E+00
  0.813438988322E-01
  0.670639570682E-01
  0.835820073716E-01
 -0.157178808874E-01
  0.684750554454E-01
  0.298020923723E-01
 -0.154942867782E-01
 -0.375109456661E-01
 -0.608881929720E-02
 -0.539976686462E-01
  0.770885329386E-02
 -0.620705290950E-02
  0.159238254310E-01
  0.508349119423E-01
 -0.480160974028E-01
  0.188984395515E-01
 -0.446278590328E-01
  0.667334420222E-02
 -0.286046283026E-01
 -0.265737493379E-01
  0.335606281528E-01
  0.506301091238E-01
  0.199004051357E-01
  0.558684481865E-01
 -0.118092233684E-01
 -0.551883583482E-01
 -0.795366604394E-01
 -0.434089530881E-01
 -0.680089838255E-03
  0.277147163693E-01
 -0.813386714177E-01
 -0.403511584333E-01
 -0.247402814392E+00
 -0.850084010366E-01
  0.126364420640E-01
  0.336596106059E-01
 -0.474041479032E-01
 -0.725889686371E-01
 -0.319827575341E+00
 -0.105368805207E+00
  0.389293580312E-01
  0.109744053154E-01
  0.262201372443E-01
 -0.221754001339E-01
  0.282312705189E-01
  0.230238486873E-01
  0.112009948185E-01
  0.675950711091E-01
  0.864166299502E-01
 -0.133559574794E+00
 -0.118393075840E-01
  0.848418156515E-01
  0.659645036849E-01
 -0.495091872539E-01
 -0.111771385505E-01
  0.524664154872E-01
 -0.442349580265E-01
 -0.829890379717E-01
 -0.295722823330E-02
 -0.132100235781E-01
 -0.923627387103E-02
  0.124675127201E-01
 -0.145582239890E-01
  0.421457285413E-02
  0.742510858020E-03
 -0.487807784020E-01
  0.958304541466E-01
  0.116426942477E-01
  0.782545309497E-01
 -0.242613099287E+00
  0.371380841543E-01
 -0.823474214115E-01
  0.656622740119E-01
  0.525659322841E-02
  0.998694142494E-01
 -0.316663246814E+00
  0.770908281831E-01
 -0.216519218771E-01
 -0.271916433250E-01
  0.126886849616E-01
 -0.224275965632E-01
  0.269181296334E-01
  0.896323691550E-02
 -0.128414594800E+00
 -0.839446103678E-01
  0.690262010610E-01
 -0.891839788869E-01
 -0.192862153377E-01
  0.593883937389E-01
  0.474921603968E-01
  0.161754587481E-01
 -0.554986609093E-01
  0.823320523109E-01
 -0.417216172023E-01
  0.800650051242E-02
  0.309681013494E-01
 -0.139170726532E-01
  0.934066670135E-02
  0.426146477108E-02
  0.153518374901E-01
 -0.403087680507E-01
  0.394084049676E-01
 -0.980639035864E-01
 -0.725806471868E-01
  0.230398275419E+00
  0.958936413030E-01
  0.331722422192E-01
  0.337563366511E-01
 -0.673740521422E-01
 -0.108284312316E+00
  0.305256912038E+00
  0.123077661102E+00
  0.745279756645E-01
  0.627794141637E-02
  0.305486169262E-01
 -0.135990930197E-01
 -0.227117754953E-01
 -0.271096049938E-01
  0.732115160331E-02
  0.529396571023E-01
  0.976475446614E-01
 -0.105898554208E+00
  0.269350860754E-01
 -0.995272723233E-01
  0.529588971053E-01
 -0.167113270962E-01
 -0.233843710632E-01
  0.271684069389E-01
  0.582094946371E-01
  0.200746844320E-01
 -0.104570798427E-01
  0.358909468159E-01
  0.318198835157E-01
 -0.428180754086E-02
 -0.352796889703E-01
  0.411380398211E-01
 -0.316091392751E-01
 -0.299500555729E-01
 -0.364717045825E-01
  0.698804736131E-03
 -0.409686731959E-01
 -0.347489409832E-01
  0.292512508367E-01
 -0.470231490427E-01
 -0.232363641719E-01
  0.336343295946E-01
  0.317977648171E-01
  0.890584734760E-01
  0.133888194481E-01
 -0.526185626957E-01
  0.874461041556E-01
  0.224683945280E-01
 -0.906974999963E-01
  0.240881702326E+00
  0.301501681677E-01
 -0.838981597720E-01
  0.562884652724E-01
  0.192372422356E-01
 -0.113922275541E+00
  0.313608141941E+00
  0.646609175364E-01
 -0.191231935377E-01
 -0.279061900586E-01
  0.101003625074E-01
  0.242182735089E-01
 -0.266510136479E-01
  0.902283103032E-02
 -0.123550538270E+00
 -0.922458601467E-01
  0.611068307604E-01
  0.876004509214E-01
  0.191013730283E-01
  0.624437075093E-01
  0.295181879567E-01
  0.101228400229E-01
  0.577198148452E-02
 -0.198223342960E-01
  0.557262715763E-01
 -0.352901694412E-01
  0.747892124000E-02
 -0.345946525351E-01
  0.187878018778E-01
 -0.287645648242E-01
 -0.498719047671E-01
 -0.262667231178E-01
 -0.849974494123E-02
  0.476537264183E-01
 -0.402359996879E-01
  0.198108952399E-01
 -0.221578462360E-01
  0.487357446291E-01
  0.472916013911E-01
  0.176538557501E-01
 -0.525483812897E-01
 -0.854047188515E-01
  0.386387191886E-01
  0.525677989861E-02
  0.257881159170E-01
  0.243044818590E+00
  0.237934203918E-01
 -0.850060820928E-01
  0.893962586962E-01
 -0.495815363088E-01
  0.638765581790E-01
  0.316309498237E+00
  0.195275108438E-01
 -0.108345795392E+00
  0.579832231391E-01
 -0.834040690228E-01
  0.106348248693E-01
 -0.265734796571E-01
  0.107393942797E-01
  0.231945671874E-01
 -0.272099742345E-01
 -0.213742191490E-01
  0.635503892144E-01
  0.192803134892E-01
  0.642939435509E-01
  0.873356955172E-01
 -0.869982616446E-01
 -0.127844332765E+00
  0.424223558082E-02
  0.410612243307E-01
 -0.523418755688E-01
 -0.837256477127E-01
  0.151721131440E-01
  0.480996399879E-01
 -0.485912014135E-02
  0.110146534838E-02
 -0.186481003570E-02
 -0.124418302183E-01
  0.205975447326E-02
  0.672393017705E-02
  0.310010610335E-01
 -0.237997998119E+00
  0.275734974225E-01
 -0.890792018107E-01
 -0.930897258465E-01
 -0.585745584560E-01
  0.267852422539E-01
 -0.311195855285E+00
  0.659910714408E-01
 -0.588156886615E-01
 -0.124684041491E+00
 -0.927763136946E-01
  0.837841409055E-02
  0.248806490281E-01
  0.869978910409E-02
  0.290011903333E-01
  0.253353148626E-01
 -0.170782031946E-01
  0.585318048780E-01
 -0.220452033818E-01
  0.588242592812E-01
  0.927048270072E-01
  0.935258287551E-01
 -0.117356064159E+00
 -0.505263101668E-01
 -0.496183894706E-01
  0.216869558605E-01
 -0.229475685136E-01
 -0.541415792907E-02
  0.288393543063E-01
  0.523342097732E-01
  0.962056276485E-02
 -0.391049018937E-01
  0.118091115793E-01
 -0.525491975375E-01
 -0.132293078795E-01
 -0.121181306278E-01
  0.552732807510E-01
  0.288604134719E-03
 -0.198381214210E-01
  0.386432324733E-01
  0.118295264931E-01
 -0.490301331400E-01
 -0.360897425620E-01
  0.588622485438E-02
 -0.204354453244E-01
 -0.864672245893E-01
  0.431439082856E-01
  0.645539503069E-02
  0.194916951612E-01
  0.456720139455E-02
  0.974482097159E-03
 -0.731110756033E-02
 -0.110225964252E-01
  0.147304654846E-01
  0.239345463651E+00
  0.405528479883E-01
  0.963444018254E-01
 -0.828446033561E-01
 -0.552833134729E-01
  0.437398609439E-01
  0.312316786485E+00
  0.406697281497E-01
  0.120660885270E+00
 -0.486391591652E-01
 -0.844095890936E-01
  0.104884277961E-01
 -0.262793322802E-01
  0.769991152667E-02
 -0.252494420798E-01
  0.277954041161E-01
 -0.181883393228E-01
  0.628803183490E-01
  0.220053180220E-01
  0.590476663923E-01
 -0.876189383672E-01
  0.922743358558E-01
 -0.121927984741E+00
  0.779422332722E-03
  0.386563462264E-01
 -0.473858116897E-01
  0.862927602385E-01
 -0.176258748574E-01
  0.466063893570E-01
 -0.493715105829E-02
  0.968526498756E-02
 -0.978877092894E-02
 -0.144490228488E-01
 -0.293134405340E-02
  0.147259219872E-01
  0.311909221476E-01
 -0.241453460707E+00
  0.216275774603E-01
  0.876163964658E-01
  0.905862065835E-01
 -0.528184996079E-01
  0.290206358445E-01
 -0.315843191643E+00
  0.504236655694E-01
  0.524428100320E-01
  0.116583031642E+00
 -0.794443014139E-01
  0.959347964429E-02
  0.270981272665E-01
  0.946228222763E-02
 -0.278200320869E-01
 -0.244673749929E-01
 -0.190557618719E-01
  0.629212583152E-01
 -0.191330284746E-01
  0.606317373298E-01
 -0.877796918768E-01
 -0.915782101543E-01
 -0.123552995645E+00
 -0.504937396875E-01
 -0.506893818083E-01
  0.208506691286E-01
  0.204781785878E-01
  0.437714288079E-02
  0.296430705588E-01
  0.526537187454E-01
  0.962487469556E-02
 -0.409796719838E-01
 -0.109360506185E-01
  0.521634857013E-01
 -0.116740467615E-01
 -0.144296105551E-01
  0.556939241807E-01
  0.261629912629E-02
  0.205593106265E-01
 -0.371936642012E-01
  0.118133114288E-01
 -0.500829535308E-01
 -0.397649862310E-01
  0.141844617410E-02
  0.171225547364E-01
  0.846526797164E-01
  0.486645073567E-01
  0.143097346276E-01
 -0.188759936206E-01
 -0.110469906799E-01
 -0.121733279519E-01
 -0.198425863633E-01
 -0.326274394761E-02
  0.678124843997E-01
 -0.313723462283E+00
  0.175829189035E-01
  0.111018197423E+00
  0.592062558564E-01
 -0.853954033032E-01
  0.891560720510E-02
  0.263804086816E-01
  0.108625077824E-01
 -0.234635254239E-01
 -0.279330353265E-01
 -0.197781149875E-01
  0.604707830724E-02
 -0.390579528943E-01
 -0.524607697756E-01
  0.844938721623E-01
  0.167846158733E-01
  0.464136914683E-01
  0.244472489792E-01
  0.318307454106E+00
  0.493399155082E-01
 -0.485101274150E-01
  0.114317643211E+00
 -0.737871644874E-01
  0.105982249857E-01
 -0.278985776678E-01
  0.971143880127E-02
  0.276182532166E-01
 -0.241399213704E-01
 -0.203096637870E-01
 -0.422346619700E-01
  0.530904946515E-01
  0.132806827713E-01
 -0.188501354235E-01
  0.677903756694E-02
  0.289539791987E-01
  0.513101518056E-01
 -0.164675254028E-01
 -0.433998611741E-01
  0.157564744297E-01
  0.492841875731E-01
 -0.791029063149E-02
 -0.212223078131E-01
 -0.521241584384E-01
  0.136941131300E-01
 -0.265107658540E-01
 -0.362920951159E-01
  0.752819468307E-02
 -0.517386881937E-01
  0.406216099005E-01
 -0.650439652652E-04
 -0.164983086874E-01
  0.833833519444E-01
  0.518037321590E-01
  0.712315262271E-01
 -0.310447205938E+00
  0.260405518974E-01
 -0.113457743322E+00
 -0.656398867732E-01
 -0.972720781245E-01
  0.883662346250E-02
  0.248196178146E-01
  0.895934248544E-02
  0.254877410057E-01
  0.292038942272E-01
 -0.177959659479E-01
  0.959382034103E-02
 -0.365779157336E-01
 -0.495500677062E-01
 -0.872734965007E-01
 -0.192956921308E-01
  0.399562473651E-01
  0.706364340944E-02
  0.314061823588E+00
  0.828462762120E-01
  0.682110303150E-01
 -0.110064805527E+00
 -0.899099196215E-01
  0.114571436165E-01
 -0.255675541237E-01
  0.798896199323E-02
 -0.288485620063E-01
  0.239346316284E-01
 -0.194461056097E-01
 -0.334903764415E-01
  0.552498231357E-01
  0.502457477618E-02
  0.201818816437E-01
 -0.117880631115E-01
  0.284658016653E-01
  0.476232682109E-01
 -0.236278182732E-01
 -0.393507280021E-01
 -0.216397648559E-01
 -0.474195937202E-01
 -0.827254020879E-02
 -0.272382457949E-01
 -0.483823401828E-01
  0.207868116423E-01
  0.296287715926E-01
  0.350136496435E-01
  0.645143415267E-02
 -0.539697263251E-01
  0.379222472811E-01
  0.966879286375E-02
  0.193108956129E-01
 -0.845326922272E-01
  0.443009334614E-01
 -0.638191844739E-01
 -0.101194279961E+00
  0.398460884618E-01
  0.432118628215E-01
  0.325146219273E+00
  0.239730960121E-01
 -0.245732918209E-01
  0.212864991612E-01
  0.117092911246E-01
 -0.240848110313E-01
 -0.295671281127E-01
  0.128640006964E-01
  0.315250664619E-01
 -0.293931306043E-02
  0.991410960487E-02
  0.127989475728E-01
  0.555024074571E-01
 -0.414391760668E-01
 -0.663555772790E-02
 -0.487271941802E-01
 -0.460913476476E-01
 -0.133134086639E-01
 -0.163198299051E-01
  0.527269053755E-01
  0.796671355830E-02
  0.325383582647E-01
  0.179605928335E-01
  0.274397788951E-01
 -0.523437506680E-01
 -0.259273063918E-01
  0.580300956903E-01
 -0.774762971974E-01
 -0.481846013692E-02
  0.853474658512E-02
  0.461410327926E-01
 -0.532116355533E-01
  0.191394526394E-01
  0.364243607920E-02
  0.480785944961E-02
  0.787792316416E-02
  0.836932545034E-03
 -0.239473120890E-01
 -0.839591273928E-01
  0.112612968572E+00
  0.561733018044E-01
 -0.576409677650E-01
  0.315778352157E+00
  0.277858255884E-01
 -0.191869238260E-01
 -0.242852030001E-01
  0.938900525812E-02
  0.273844263446E-01
 -0.264954183280E-01
  0.979791856789E-02
  0.461517336028E-01
  0.839703296448E-01
  0.429038400537E-02
 -0.166294468702E-01
  0.397993610778E-01
 -0.504421176082E-01
  0.370504395609E-01
 -0.894119895676E-02
 -0.414193459216E-01
 -0.283233706426E-02
 -0.668958389508E-03
  0.436890636078E-02
  0.639680395059E-01
 -0.112514719721E+00
 -0.727111353668E-01
 -0.320819658546E+00
 -0.491997005336E-01
  0.874309586088E-02
  0.998495910536E-02
  0.216506915411E-01
 -0.226451638445E-01
  0.272357640643E-01
  0.267679458621E-01
  0.126602047392E-01
  0.443247527409E-01
  0.847314278209E-02
  0.312434953865E-01
 -0.269429170853E-01
 -0.110259129756E-01
 -0.755682481274E-01
 -0.313713579627E-01
 -0.551446407504E-01
 -0.149638949778E-01
 -0.186347975527E-01
 -0.130447371815E-01
  0.463352529405E-01
 -0.338078558163E-01
  0.330089042569E-01
  0.198778612098E-01
  0.558969194243E-01
 -0.380004338802E-02
  0.139299946065E-01
 -0.702084880503E-03
 -0.811534746044E-01
  0.547659780290E-01
 -0.421191561550E-01
 -0.137344682193E-01
 -0.540638931485E-01
  0.348692102177E-01
  0.243984653777E-02
 -0.785639390068E-01
 -0.193107177679E-02
 -0.348695721067E-02
  0.436947287891E-01
 -0.710017516529E-01
  0.119823129158E+00
  0.332584210640E-01
  0.387275273741E-01
 -0.317467670772E+00
  0.377433305889E-01
 -0.204702616507E-01
 -0.243713515483E-01
  0.108536527856E-01
 -0.263746435009E-01
  0.282816934589E-01
  0.961660886513E-02
  0.286983268039E-01
  0.109024840765E-01
 -0.440623732749E-03
  0.179646639895E-01
 -0.556246136966E-01
 -0.282577030712E-01
 -0.321136744823E-02
  0.443323988350E-01
 -0.426376663270E-01
 -0.218380793157E-01
  0.270197175425E-01
  0.458490337753E-01
  0.214106643272E-02
 -0.337732250679E-01
  0.269230159156E-01
  0.339487851613E-01
  0.454572853769E-01
 -0.290640823484E-01
  0.534486269249E-01
  0.834669532309E-01
 -0.471277264531E-02
  0.130263330046E-01
 -0.400758898018E-01
 -0.487358542796E-01
  0.801586614969E-01
 -0.124221577262E+00
 -0.107284320545E+00
  0.303929526115E+00
  0.693441722992E-01
  0.271256590482E-01
  0.644367882653E-02
  0.265436171446E-01
 -0.134139842406E-01
 -0.231696327235E-01
 -0.308241888683E-01
  0.697030541406E-02
  0.131463605667E-01
 -0.904016000540E-01
  0.340224076359E-01
  0.318355543107E-01
  0.251513292850E-01
 -0.471687682026E-01
 -0.349602868230E-01
 -0.172300709056E-02
  0.272355323427E-02
 -0.157496549737E-02
  0.762456089230E-03
  0.322367335887E-01
 -0.683886470046E-01
 -0.105352118851E+00
  0.453128912197E-01
 -0.459917834128E-01
 -0.321439397819E+00
  0.230757557849E-01
 -0.230742230097E-01
  0.216625682393E-01
  0.105075977183E-01
  0.250737909742E-01
  0.289015548363E-01
  0.125666252914E-01
  0.555454796542E-01
 -0.809428023060E-01
 -0.330852652610E-02
 -0.101051421521E-01
 -0.437963198209E-01
 -0.522369531281E-01
  0.763137213134E-01
  0.102179273605E+00
 -0.731100367167E-01
  0.321787229914E+00
 -0.569550739737E-01
 -0.320368459676E-02
  0.919524740345E-02
 -0.209570088499E-01
 -0.238067584082E-01
 -0.274055408501E-01
  0.266549396036E-01
  0.146115110048E-01
  0.479744224238E-01
 -0.112230324515E-01
  0.316488117576E-01
  0.185469306055E-01
 -0.587585602710E-02
 -0.796232341814E-01
 -0.248044527597E-01
  0.544340089182E-01
 -0.158926797195E-01
  0.252805281014E-01
 -0.204032446504E-01
  0.406971324791E-01
 -0.441152297084E-01
 -0.286117899020E-01
  0.223873654783E-01
 -0.534106027495E-01
  0.104464342078E-02
  0.217278642302E-01
  0.295022088163E-02
  0.800587870739E-01
  0.541140421441E-01
  0.432674712425E-01
 -0.129230703479E-01
 -0.570642630258E-01
  0.706782259242E-01
  0.124122405510E+00
 -0.100008507899E+00
 -0.307147759388E+00
  0.640929675053E-01
  0.293302819750E-01
  0.783017060506E-02
 -0.259609043028E-01
 -0.149132757802E-01
  0.241029514587E-01
 -0.297703741022E-01
  0.708310517512E-02
  0.947887243556E-02
  0.889193252556E-01
  0.384576151885E-01
 -0.343315581531E-01
  0.235808444675E-01
 -0.479364876241E-01
  0.329825825856E-01
  0.816752793648E-01
 -0.438695754246E-01
  0.245433537691E+00
 -0.875713835510E-01
  0.108869928390E-01
  0.357032249632E-01
  0.439445805190E-01
 -0.703331626612E-01
  0.321144782371E+00
 -0.112485487322E+00
  0.346299376980E-01
  0.106900606250E-01
 -0.257955789907E-01
 -0.212506569338E-01
 -0.280676398706E-01
  0.228849085792E-01
  0.105605963088E-01
  0.654021332506E-01
 -0.826066751479E-01
 -0.134139121758E+00
  0.160537655805E-01
  0.863020791539E-01
  0.687369885076E-01
 -0.380556777020E-01
  0.161487852649E-01
  0.296989540768E-01
  0.537790326133E-01
 -0.556727736271E-02
  0.835672362519E-02
  0.509557605548E-01
 -0.161514316573E-01
 -0.746151194991E-02
 -0.182627686465E-01
 -0.485995295618E-01
 -0.434942486048E-01
 -0.255903376897E-01
  0.279681846700E-01
  0.732696011482E-02
 -0.509030685447E-01
  0.345172935473E-01
  0.182633775749E-01
 -0.502383604489E-01
  0.118651053529E-01
  0.541362272502E-01
  0.434266785000E-01
 -0.817989524388E-01
 -0.389786680126E-02
 -0.497757843526E-01
 -0.900235465322E-01
  0.197794753929E-01
  0.862751784217E-01
  0.242669886644E+00
  0.299963089597E-01
 -0.841943552254E-01
 -0.599112811426E-01
  0.197691816263E-01
  0.108352705188E+00
  0.316478132894E+00
  0.644251735991E-01
 -0.209094953570E-01
  0.281453448241E-01
  0.112324923813E-01
 -0.237009638126E-01
 -0.264341602985E-01
  0.967700297572E-02
 -0.125435349589E+00
  0.911401534578E-01
  0.623846534829E-01
 -0.905820420663E-01
  0.165046290723E-01
  0.630506961061E-01
  0.465705987536E-01
 -0.149504870775E-01
 -0.518464938960E-01
  0.854808042358E-01
  0.405703378572E-01
  0.527589514232E-02
  0.243830664339E-01
  0.820922429287E-01
 -0.441129442517E-01
 -0.245830622119E+00
  0.863503365482E-01
  0.197298778178E-01
  0.220281326632E-01
  0.477542151771E-01
 -0.773047229276E-01
 -0.318544357156E+00
  0.119072749995E+00
  0.552765902644E-01
  0.109722940280E-01
 -0.268608233309E-01
 -0.215836159281E-01
  0.268841983602E-01
 -0.229656108616E-01
  0.106113219001E-01
  0.638054018445E-01
 -0.876660793347E-01
 -0.130298796130E+00
 -0.142351917403E-01
 -0.872562404179E-01
  0.664933942852E-01
 -0.716442083383E-01
  0.143164500800E-01
  0.307881000757E-01
 -0.329623935731E-01
 -0.629045850606E-02
  0.408561082626E-01
  0.495615654710E-01
  0.782835458061E-02
 -0.148795702571E-01
 -0.130643537746E-01
  0.553092234505E-01
 -0.346819952139E-01
  0.849124342500E-02
  0.711137314190E-02
  0.185118436932E-01
  0.570018323638E-01
 -0.349595336218E-01
 -0.270030871182E-01
 -0.497410113077E-01
  0.146364139847E-01
  0.525371667537E-01
 -0.401761574839E-01
  0.828373107315E-01
 -0.279615544595E-02
 -0.467497842728E-01
 -0.898425129162E-01
  0.108253794789E-01
 -0.838120511794E-01
 -0.243666577169E+00
  0.359244047938E-01
 -0.806216406913E-01
 -0.554509042915E-01
  0.142849292398E-02
 -0.115165518612E+00
 -0.315247528912E+00
  0.791931477673E-01
 -0.207725919835E-01
  0.280945515445E-01
  0.113074514787E-01
  0.228561397766E-01
  0.264023284870E-01
  0.946514050480E-02
 -0.129525438414E+00
  0.902686318611E-01
  0.651621640289E-01
  0.883646552676E-01
 -0.141769851849E-01
  0.643632743848E-01
  0.311250564229E-01
 -0.165849281667E-01
 -0.663677197032E-01
  0.318687981762E-02
 -0.389664619261E-01
  0.352426632803E-01
 -0.147224584351E-01
 -0.235453299325E-02
  0.518061415116E-01
 -0.551883986655E-01
 -0.710457237056E-02
 -0.370836830765E-01
  0.162584459400E-01
 -0.103640890564E-01
  0.321716187401E-02
  0.366174713525E-01
  0.575735074054E-01
 -0.194756078141E-01
  0.506726501959E-01
 -0.191185222880E-01
 -0.554855981879E-01
 -0.817490424879E-01
 -0.388323252354E-01
  0.481294799204E-02
  0.289709004516E-01
 -0.949751409477E-01
 -0.626733698443E-01
 -0.236972480958E+00
 -0.914593944236E-01
  0.337024693927E-01
  0.225132211218E-01
 -0.640950369395E-01
 -0.950011863460E-01
 -0.309353512682E+00
 -0.120252913133E+00
  0.724879652243E-01
  0.852281979597E-02
  0.292087699890E-01
 -0.157627002573E-01
  0.249620726750E-01
  0.253411342467E-01
  0.723988046135E-02
  0.591984836616E-01
  0.947306776284E-01
 -0.115558510498E+00
 -0.224175947665E-01
  0.957383460201E-01
  0.563600268365E-01
 -0.387292473526E-01
 -0.231702189132E-01
  0.287614324945E-01
 -0.552841055940E-01
 -0.110309686073E-01
  0.996781485804E-02
  0.490599870358E-01
  0.200621084792E-01
 -0.104309961708E-01
  0.197722749978E-01
 -0.491129138797E-01
 -0.386289908650E-01
 -0.200510784470E-01
 -0.264975074151E-01
  0.795382440708E-02
  0.514859053815E-01
  0.378182288831E-01
  0.120972540399E-01
 -0.495098402929E-01
 -0.224438611831E-01
  0.404103204413E-01
 -0.351998063323E-01
 -0.864407789347E-01
  0.909951985151E-02
 -0.519883763420E-01
  0.942143443553E-01
  0.150132166779E-01
  0.848966273594E-01
 -0.240700848963E+00
  0.369751596641E-01
 -0.847455611552E-01
  0.605371080237E-01
  0.507254469785E-02
  0.112763294081E+00
 -0.314047032325E+00
  0.796730164573E-01
 -0.197265303473E-01
 -0.284824088967E-01
  0.108727623341E-01
 -0.233458122653E-01
  0.260750852136E-01
  0.885376801314E-02
 -0.126922112836E+00
 -0.903959893965E-01
  0.649196791778E-01
 -0.916367940847E-01
 -0.166007564536E-01
  0.620024336582E-01
  0.474072022904E-01
  0.199111972233E-01
 -0.541076118355E-01
  0.831398254284E-01
 -0.382292797370E-01
  0.670040954512E-02
  0.437107851415E-01
 -0.869696784950E-01
 -0.608479557576E-01
  0.236646448353E+00
  0.967407677026E-01
  0.171371706161E-01
  0.452828085560E-01
 -0.586345166053E-01
 -0.939820317842E-01
  0.310578796779E+00
  0.121385144613E+00
  0.486992232283E-01
  0.734297579572E-02
  0.284868018672E-01
 -0.165857180845E-01
 -0.249432790987E-01
 -0.255445116219E-01
  0.924274228882E-02
  0.582147606991E-01
  0.930231651036E-01
 -0.114361046117E+00
  0.251370902590E-01
 -0.940991897310E-01
  0.561462854178E-01
 -0.447001890846E-01
 -0.184286993653E-01
  0.410620025546E-01
  0.378760541681E-01
  0.893246743172E-01
  0.363818652996E-02
 -0.602337549640E-01
  0.962210326107E-01
  0.249492909746E-01
 -0.891089912590E-01
  0.236830500435E+00
  0.352844639894E-01
 -0.956527100500E-01
  0.688756295659E-01
  0.231558655783E-01
 -0.110367409380E+00
  0.311657768081E+00
  0.724968444717E-01
 -0.180244166534E-01
 -0.295083214504E-01
  0.986074706258E-02
  0.251137233568E-01
 -0.250009766277E-01
  0.816366959087E-02
 -0.116725809265E+00
 -0.935085593654E-01
  0.591689010589E-01
  0.960280396314E-01
  0.211553907592E-01
  0.575569082066E-01
  0.398335150091E-01
  0.183637196012E-01
 -0.504881852526E-01
 -0.879210216519E-01
  0.377482427229E-01
  0.106546702435E-01
  0.552413115032E-02
  0.250396922504E+00
  0.279601444870E-01
 -0.829200202346E-01
  0.768712357001E-01
 -0.334842756373E-01
  0.290072180299E-01
  0.323689547011E+00
  0.334371814188E-01
 -0.992361616976E-01
  0.378856741709E-01
 -0.624443994487E-01
  0.131089684948E-01
 -0.302741207639E-01
  0.122003057989E-01
  0.213778690822E-01
 -0.236237986848E-01
 -0.253092742937E-01
  0.727784610962E-01
  0.852267597373E-02
  0.711188708843E-01
  0.783221315657E-01
 -0.801709202490E-01
 -0.143897331980E+00
 -0.689676654283E-02
  0.464666297531E-01
 -0.518655975503E-01
 -0.787398154877E-01
  0.574738613542E-02
  0.587623640931E-01
  0.261468275573E-01
 -0.242975240318E+00
  0.216841284518E-01
 -0.854524571738E-01
 -0.888267073021E-01
 -0.478309560091E-01
  0.243601995898E-01
 -0.318414535093E+00
  0.519740691476E-01
 -0.489829757097E-01
 -0.116574130495E+00
 -0.763342687374E-01
  0.108983296327E-01
  0.269659732341E-01
  0.936331780648E-02
  0.271603252388E-01
  0.232594694542E-01
 -0.202616474392E-01
  0.624957782397E-01
 -0.151595639310E-01
  0.655385021513E-01
  0.877921164618E-01
  0.892701033515E-01
 -0.128034280391E+00
 -0.607288466145E-01
 -0.437224076697E-01
  0.298953392695E-01
 -0.182902481839E-01
  0.756019919253E-03
  0.308335073450E-01
  0.529622495711E-01
 -0.957856128595E-03
 -0.392114178576E-01
  0.241027908858E-02
 -0.542812367448E-01
 -0.137508317134E-01
 -0.507784224568E-02
  0.577598287656E-01
 -0.994395561507E-02
 -0.145886226637E-01
  0.368415499385E-01
  0.150217978608E-01
 -0.514118133004E-01
 -0.404820110416E-01
  0.130905005988E-04
 -0.144412522482E-01
 -0.834293953218E-01
  0.513987227998E-01
  0.281704471997E-01
  0.234817368323E+00
  0.353164608319E-01
  0.926429487120E-01
 -0.949532358965E-01
 -0.634869080316E-01
  0.637283614157E-01
  0.309914414306E+00
  0.331785426008E-01
  0.115307803849E+00
 -0.639741021033E-01
 -0.969069040165E-01
  0.848987563224E-02
 -0.245592154238E-01
  0.794682443050E-02
 -0.258414195500E-01
  0.292744293785E-01
 -0.164367000627E-01
  0.554815339085E-01
  0.227815932336E-01
  0.583077786946E-01
 -0.956811983879E-01
  0.942899727580E-01
 -0.113789312603E+00
  0.947314098716E-02
  0.364839010432E-01
 -0.486162048284E-01
  0.872064486603E-01
 -0.199076795568E-01
  0.391430638413E-01
  0.180837276331E-01
 -0.247098768605E+00
  0.215731706660E-01
  0.852715207744E-01
  0.812163415373E-01
 -0.396568982991E-01
  0.159514592520E-01
 -0.322291052082E+00
  0.531344539286E-01
  0.497910267099E-01
  0.104653412507E+00
 -0.690859131806E-01
  0.127240999524E-01
  0.285973302901E-01
  0.105345693025E-01
 -0.253575431394E-01
 -0.214735291026E-01
 -0.232586692549E-01
  0.715642924296E-01
 -0.112687422732E-01
  0.681355703771E-01
 -0.796113212397E-01
 -0.851254063343E-01
 -0.139699862807E+00
 -0.371443292113E-01
 -0.581244393194E-01
  0.512140991483E-02
  0.145869019292E-01
  0.629772224784E-02
  0.320229192965E-01
  0.504678945948E-01
  0.209353904305E-01
 -0.443207476399E-01
 -0.171549773120E-01
  0.473609485625E-01
 -0.614714695482E-02
 -0.284475936593E-01
  0.501352389491E-01
  0.219488394706E-01
  0.296096467213E-01
 -0.326990680857E-01
  0.649875418872E-02
 -0.542275252966E-01
 -0.447174000794E-01
 -0.125544067830E-02
  0.119044237833E-01
  0.804503820444E-01
  0.554829659749E-01
  0.457331241866E-01
 -0.320968567151E+00
  0.228577923960E-01
  0.104859688366E+00
  0.432095871260E-01
 -0.685909165826E-01
  0.120002262897E-01
  0.294561431702E-01
  0.117353358444E-01
 -0.228020748548E-01
 -0.253853777548E-01
 -0.237355621341E-01
 -0.145138873189E-02
 -0.424833944077E-01
 -0.543531388008E-01
  0.804790199925E-01
  0.105416999675E-01
  0.558045275327E-01
  0.284816051862E-02
  0.325399217893E+00
  0.572873474670E-01
 -0.423723693915E-01
  0.100918974147E+00
 -0.601355079857E-01
  0.152188694372E-01
 -0.295467308954E-01
  0.970043807355E-02
  0.247008977202E-01
 -0.201970564695E-01
 -0.249193075107E-01
 -0.591378633046E-01
  0.467430759616E-01
  0.273908880258E-01
 -0.121045401009E-01
 -0.248729842521E-02
  0.317469752788E-01
  0.537820909995E-01
 -0.306908394409E-03
 -0.448444895738E-01
  0.203344371121E-02
  0.525056314838E-01
 -0.893760142574E-02
 -0.100683204927E-01
 -0.581633578949E-01
 -0.216685302799E-02
 -0.179936363179E-01
 -0.350008140590E-01
  0.122351735207E-01
 -0.580001282168E-01
  0.457624432424E-01
 -0.253385056937E-02
 -0.910775038420E-02
  0.769187672730E-01
  0.605339787862E-01
  0.608639106959E-01
 -0.316075273951E+00
  0.205794039450E-01
 -0.107224901420E+00
 -0.570212670458E-01
 -0.814433146409E-01
  0.981322629468E-02
  0.269322685243E-01
  0.108664332778E-01
  0.233310688027E-01
  0.273858482520E-01
 -0.206796595725E-01
  0.361715858630E-02
 -0.407169861049E-01
 -0.520089685220E-01
 -0.837576489117E-01
 -0.154334807048E-01
  0.483918099357E-01
  0.208790712237E-01
  0.309582756985E+00
  0.731858193107E-01
  0.617254135664E-01
 -0.123625318099E+00
 -0.940648905345E-01
  0.905342983873E-02
 -0.248513156523E-01
  0.700696392098E-02
 -0.292795287126E-01
  0.249293470731E-01
 -0.160603937597E-01
 -0.389541234533E-01
  0.541439292142E-01
  0.106143693949E-01
  0.239738384302E-01
 -0.117128252792E-01
  0.283397540584E-01
  0.483125089431E-01
 -0.199273422407E-01
 -0.387268451603E-01
 -0.198447967630E-01
 -0.486954858214E-01
 -0.958566378274E-02
 -0.198719020562E-01
 -0.511968347002E-01
  0.125303304982E-01
  0.266530931271E-01
  0.382479232847E-01
  0.734157155802E-02
 -0.492002735951E-01
  0.343296988965E-01
  0.765483398464E-02
  0.210491704867E-01
 -0.877527304949E-01
  0.415454396105E-01
 -0.782583891671E-01
 -0.117723116565E+00
  0.501674301869E-01
  0.483123308857E-01
  0.315535337352E+00
  0.280909589801E-01
 -0.191783095491E-01
  0.245498100255E-01
  0.980612282575E-02
 -0.278023584025E-01
 -0.270589507684E-01
  0.937218672333E-02
  0.304923421978E-01
  0.425380674953E-02
  0.370793144808E-01
  0.172419692995E-01
  0.375963046653E-01
 -0.675716566787E-01
 -0.162520646010E-01
 -0.557471792212E-01
 -0.351571302014E-01
  0.347386257287E-02
  0.762743923958E-02
  0.514091948024E-01
  0.182554467542E-01
  0.358195110807E-01
 -0.225267368787E-01
  0.896532096699E-02
 -0.576532206620E-01
  0.427129012450E-02
  0.498104376928E-01
 -0.833195884083E-01
  0.317546425695E-04
  0.173981383031E-01
  0.392623252845E-01
 -0.498421923353E-01
 -0.886360295296E-01
  0.125676107197E+00
  0.587136414429E-01
 -0.529692364315E-01
  0.310371359037E+00
  0.299223880867E-01
 -0.162094897008E-01
 -0.258844220282E-01
  0.863033444366E-02
  0.286759920749E-01
 -0.254962304536E-01
  0.757915525717E-02
  0.289965691039E-01
  0.432795399194E-02
  0.240469829418E-01
 -0.234377853592E-01
  0.483042529394E-01
 -0.530435520456E-01
 -0.140537678107E-01
  0.531969647473E-01
 -0.384872169966E-01
  0.985552653534E-02
 -0.706048650521E-02
  0.525409848073E-01
  0.130468973260E-01
 -0.390439362937E-01
 -0.492030912993E-02
 -0.179432311437E-01
 -0.559243073750E-01
 -0.812658819608E-02
  0.438720007717E-01
  0.861528599941E-01
  0.374432294174E-02
 -0.208350961305E-01
  0.355334508390E-01
 -0.476163237134E-01
  0.662422387153E-01
 -0.119430636469E+00
 -0.970138132048E-01
 -0.309085627485E+00
 -0.625980363966E-01
  0.307715744894E-01
  0.857104840045E-02
  0.255290773641E-01
 -0.165229581966E-01
  0.246759584487E-01
  0.291819373497E-01
  0.795190979613E-02
  0.931538333626E-02
 -0.884173124612E-01
  0.397538762656E-01
 -0.364845415637E-01
 -0.201085665835E-01
 -0.490692596018E-01
 -0.792843084991E-01
  0.114073238350E+00
  0.376914820195E-01
  0.500123102760E-01
 -0.316133989722E+00
  0.415928264796E-01
 -0.187522430053E-01
 -0.245018978800E-01
  0.941542672374E-02
 -0.273166966319E-01
  0.269802180046E-01
  0.933681628156E-02
  0.307072114731E-01
  0.197236695738E-01
 -0.518917309822E-01
  0.370060452064E-02
 -0.503941019079E-01
  0.211845195091E-01
  0.118369729292E-01
  0.194725159629E-01
 -0.117560929874E-01
 -0.374904891070E-01
  0.560150015844E-01
 -0.808799418022E-04
 -0.127170934558E-01
 -0.992517438769E-02
  0.529836661982E-01
  0.527011584430E-01
  0.762749371404E-02
 -0.402665727425E-01
  0.480399312225E-01
  0.855831967294E-01
  0.602352333206E-03
  0.136701953873E-01
 -0.411519509567E-01
 -0.486422835557E-01
  0.889165053177E-01
 -0.117168387794E+00
 -0.965784667972E-01
  0.309492033157E+00
  0.663290921988E-01
  0.766196147953E-02
  0.755172022586E-02
  0.249515941304E-01
 -0.172299645862E-01
 -0.241861268768E-01
 -0.301192908556E-01
  0.967824436031E-02
  0.115225176177E-01
 -0.105261299251E-01
  0.273781709028E-01
  0.512414648851E-01
  0.235856548809E-01
 -0.389006885205E-01
 -0.391501139213E-01
 -0.496403278311E-01
 -0.104228942367E-01
 -0.176815605768E-01
 -0.184965627190E-01
  0.495730081580E-01
  0.110972920274E-01
  0.378872099404E-01
  0.817023157511E-02
 -0.516947841913E-01
  0.254738420585E-01
 -0.192675236025E-01
  0.116737873481E-01
 -0.852536972853E-01
  0.410967226080E-01
  0.343951246513E-01
  0.233133844919E-01
 -0.527705099562E-01
 -0.767663234112E-01
 -0.108662989459E+00
  0.330110971392E-01
 -0.510534278333E-01
 -0.317587597236E+00
  0.437552262720E-01
 -0.197318044751E-01
  0.241553978696E-01
  0.100826049577E-01
  0.266644986143E-01
  0.276472012502E-01
  0.964919951730E-02
  0.487602613886E-01
 -0.851426804011E-01
 -0.942182946060E-03
 -0.121348606508E-01
 -0.434753390083E-01
 -0.478180784425E-01
  0.731432858125E-01
  0.106133805637E+00
 -0.782016599579E-01
  0.318008568855E+00
 -0.562488271544E-01
  0.505837414533E-02
  0.100085880530E-01
 -0.217419346862E-01
 -0.226380313593E-01
 -0.272609855873E-01
  0.267876104184E-01
  0.126294433062E-01
  0.366940471102E-02
  0.821062682517E-01
  0.515655383006E-01
  0.417124883393E-01
 -0.153719648382E-01
 -0.552349430116E-01
  0.580221700243E-01
  0.105726960708E+00
 -0.802196324315E-01
 -0.317970171815E+00
  0.571350984983E-01
  0.221974624072E-01
  0.100739303802E-01
 -0.227238435623E-01
 -0.215720184113E-01
  0.268918056049E-01
 -0.272807094815E-01
  0.114980880311E-01
  0.253295603450E-02
  0.836045062161E-01
  0.490367428889E-01
 -0.429573334666E-01
  0.137153986040E-01
 -0.515696989234E-01
