$coord
         -1.457467629278         -4.275998350723         -1.175187938726     o 
         -3.514324512924          2.074644638358         -0.558684488823     o 
         -4.275309892946         -1.357388774605          1.824121646119     o 
         -1.230612751198         -1.659279181611         -1.507270393478     c 
          1.329097405471         -0.613946933585         -0.711101747078     c 
          2.095024094762          1.743500100892         -1.576213067432     c 
          2.882539033896         -1.972011360239          0.903364204274     c 
         -3.192715844781         -0.295560570951          0.100680954053     c 
          4.396398061209          2.729017102322         -0.825110362452     c 
          5.190248600819         -0.983828186608          1.642862811414     c 
          5.947891373488          1.368426362841          0.787305618915     c 
         -5.218291961752          3.603094468572          0.896477189326     c 
         -1.561669695330         -1.218702686695         -3.504570460945     h 
          0.880714857248          2.800851866537         -2.828573817590     h 
          2.293586895060         -3.814533472394          1.547633339535     h 
          4.982450800701          4.560341350836         -1.504267041445     h 
          6.391404847593         -2.057403719313          2.893364072560     h 
          7.743875460937          2.138867750666          1.369761762439     h 
         -2.463167931290         -4.571852612677          0.336338896913     h 
         -4.147297839291          4.596302452037          2.347284978194     h 
         -6.057897321589          4.934007589442         -0.421487910497     h 
         -6.654169138712          2.416514172019          1.775929233429     h 
$end
