$hessian                                                                        
        0.1841947098   0.0365598012  -0.2034291148  -0.0030062964   0.0038651473
        0.0030715268  -0.0002322006   0.0087522107  -0.0009587484  -0.0501719964
       -0.0144544455   0.0112392391  -0.0043090558  -0.0311545001   0.0026825255
       -0.0043749264  -0.0016156778  -0.0022909834   0.0001154601  -0.0007976270
       -0.0004652711  -0.0020343393   0.0185331833   0.0036717435  -0.0008983861
       -0.0007418814   0.0007656446   0.0007195095  -0.0007473041   0.0012703407
        0.0000726343  -0.0002374969   0.0002209014  -0.0005457145   0.0011998754
       -0.0004136881   0.0026895581  -0.0016359907   0.0027445742  -0.0000188031
       -0.0000706096  -0.0001056997  -0.0004130105  -0.0008608454   0.0001142262
       -0.0003877428  -0.0002874518   0.0000205115   0.0002271926   0.0000620974
        0.0000092617  -0.0000983295  -0.0001743140  -0.0000668666  -0.1214186176
       -0.0162754649   0.1818158605  -0.0000074836  -0.0000026032   0.0000358606
       -0.0002039677   0.0001486135   0.0001525031   0.0001018059  -0.0000647166
       -0.0000843475
        0.0365598012   0.3720261883  -0.0532513536   0.0067681505  -0.0090097511
       -0.0048150841  -0.0034848720   0.0057208889   0.0037409690   0.0010099491
       -0.2254718201  -0.0015213029  -0.0113862488  -0.0297792353  -0.0014567557
       -0.0051091754  -0.0011404615  -0.0028673905   0.0011536840  -0.0002825258
        0.0018623731   0.0016256088  -0.0427682255   0.0025336426  -0.0003705298
       -0.0005774184   0.0011517227   0.0004959639   0.0000010554   0.0007360507
        0.0003004155   0.0004199932  -0.0000900294   0.0006536469  -0.0020827582
        0.0006943230   0.0011564247  -0.0231530911   0.0122003734   0.0005798601
        0.0004701076  -0.0001194951   0.0002559167   0.0004655663  -0.0004230192
       -0.0005015067  -0.0004454865  -0.0000501277  -0.0001600039   0.0000880862
       -0.0001712518  -0.0001304476  -0.0001371791  -0.0001610479  -0.0296822852
       -0.0441586429   0.0423272140   0.0000374305  -0.0000415906  -0.0000697147
        0.0003498984  -0.0003324058  -0.0003636551  -0.0001216809   0.0001887061
        0.0001135591
       -0.2034291148  -0.0532513536   0.3462550095   0.0029223934  -0.0036078663
       -0.0004298750   0.0024081754  -0.0095970205   0.0010082881   0.0118513582
        0.0294597291  -0.0725588728  -0.0005452653  -0.0034524853   0.0047392321
       -0.0003552185   0.0000965590   0.0004243872  -0.0010235861  -0.0006302096
       -0.0004098770   0.0013473513  -0.0107068347  -0.0016062169   0.0000089419
       -0.0001509579   0.0000745594   0.0003960827  -0.0004749092   0.0002597159
       -0.0000367192  -0.0001327006   0.0000524348   0.0003391106  -0.0005984828
        0.0005038139   0.0032507655   0.0324204270  -0.0044854550  -0.0001072146
       -0.0003437116   0.0000787421  -0.0001100805  -0.0008469433   0.0001873438
       -0.0000000949  -0.0000766897  -0.0000497400   0.0000519603   0.0000211957
        0.0000318083  -0.0000467602  -0.0000811171   0.0000100548   0.1830767115
        0.0219048760  -0.2740556388   0.0000060674   0.0001208517   0.0000317548
        0.0001362940  -0.0001396376  -0.0000613945  -0.0001411582   0.0000672811
       -0.0000000748
       -0.0030062964   0.0067681505   0.0029223934   0.2060758306  -0.0989585558
       -0.1232159141   0.0139494261  -0.0199189995   0.0205141300  -0.0069360397
        0.0227705591  -0.0012688828  -0.0006390815   0.0017153182   0.0012537696
       -0.0015826295   0.0004880571   0.0006972544  -0.0001434778  -0.0003168006
        0.0002477206  -0.0695068828   0.0303226549   0.0083762259   0.0001938396
        0.0003010926  -0.0002218067   0.0001091315  -0.0002105424   0.0000436244
        0.0001238279   0.0000683806  -0.0000315632  -0.1098967023   0.0294518781
        0.0582679402  -0.0001051550   0.0008047823  -0.0001896873  -0.0011956256
        0.0000115057  -0.0000164717   0.0000821720   0.0000497122   0.0000604824
        0.0000187030  -0.0000158645   0.0000293200  -0.0000431269   0.0000523304
       -0.0000703472  -0.0001031796  -0.0000003919  -0.0000289021   0.0006370677
       -0.0007415264  -0.0003022513   0.0086411337  -0.0015176517   0.0023969964
       -0.0120555400   0.0127953621   0.0082769310  -0.0246173953   0.0160805492
        0.0222590380
        0.0038651473  -0.0090097511  -0.0036078663  -0.0989585558   0.4746916648
       -0.0513308727  -0.0137625843  -0.0721678652   0.0572893881   0.0239719956
       -0.0257115054  -0.0030502723  -0.0030755480  -0.0050292748  -0.0024681846
        0.0002596492   0.0000909001   0.0011759832   0.0019394721   0.0006945174
        0.0000918302   0.0196066098  -0.2546231414   0.0645295887  -0.0000567280
        0.0002450965   0.0004816205  -0.0006613044   0.0001086204   0.0003041347
       -0.0002155290   0.0003587843  -0.0003651001   0.0378279383  -0.0849103697
       -0.0355733883  -0.0013438960  -0.0002881953  -0.0000484118   0.0000500868
        0.0003877147  -0.0008772317  -0.0004336905  -0.0000487805  -0.0002422969
        0.0000204287   0.0000824712   0.0000182936   0.0000980275  -0.0000473623
        0.0000986676   0.0001212782  -0.0000590145  -0.0001251163  -0.0024032825
        0.0029003850   0.0022193840   0.0143979977  -0.0167329164  -0.0188853763
        0.0207412729  -0.0187102402  -0.0130443078  -0.0019887855   0.0077782622
        0.0034095344
        0.0030715268  -0.0048150841  -0.0004298750  -0.1232159141  -0.0513308727
        0.2393361548   0.0190307032   0.0667119384  -0.0263405281   0.0011680969
       -0.0142003438   0.0056783058   0.0007948860   0.0006543726   0.0002804261
        0.0006166697  -0.0003531255   0.0000095563  -0.0000928300  -0.0001175631
        0.0004509218   0.0137967180   0.0487899332  -0.0876839685   0.0002246966
       -0.0000456874   0.0000794072  -0.0000931065  -0.0001094809  -0.0001109251
       -0.0000214747   0.0000008508   0.0000051763   0.0558927489  -0.0226727576
       -0.1103555292  -0.0002374768   0.0005196972   0.0011184244  -0.0000678575
        0.0000777833  -0.0001060972   0.0000491098   0.0000122502  -0.0000708517
       -0.0000423074   0.0000319251  -0.0000534845  -0.0000126828  -0.0000077508
       -0.0000301195  -0.0000155672   0.0000557116   0.0000169055   0.0007988437
       -0.0007663349  -0.0007295984   0.0175694652  -0.0199285264  -0.0170445242
       -0.0074184901   0.0069458601   0.0107492406   0.0182042422  -0.0094527954
       -0.0147690175
       -0.0002322006  -0.0034848720   0.0024081754   0.0139494261  -0.0137625843
        0.0190307032   0.2100443099   0.1339931143  -0.2702903440  -0.0185435576
       -0.0087122209   0.0434982643   0.0037129149   0.0017294124   0.0014775017
       -0.0009578681  -0.0002948258  -0.0004382281  -0.0003852237  -0.0004171376
       -0.0001168498  -0.2044530917  -0.1117312825   0.2113048549   0.0003420800
        0.0002034062  -0.0000300582   0.0003973908  -0.0001056465   0.0000104268
       -0.0000102807   0.0001156880  -0.0000855231  -0.0007945277   0.0010343474
       -0.0051767039  -0.0045029993   0.0029422265   0.0039689498   0.0002324791
        0.0001581358   0.0000775318   0.0001463877  -0.0000101578   0.0000543364
       -0.0000676108  -0.0001569849   0.0000308479  -0.0001378324   0.0000385509
       -0.0000881830  -0.0001387528  -0.0000524893   0.0000097645  -0.0001829136
       -0.0010224694  -0.0036030318   0.0007244184  -0.0004744970  -0.0007537583
        0.0005354998   0.0003331984  -0.0006342612   0.0003219523  -0.0003229120
       -0.0006544155
        0.0087522107   0.0057208889  -0.0095970205  -0.0199189995  -0.0721678652
        0.0667119384   0.1339931143   0.2341018817  -0.2471793998   0.0028089947
       -0.0032826096  -0.0021557634   0.0023479054   0.0003038151   0.0003609997
       -0.0005438120  -0.0000079951   0.0003935856  -0.0000223189  -0.0003209219
       -0.0001190429  -0.1209305263  -0.1694299982   0.1871649474   0.0001497594
        0.0002105367  -0.0001088823   0.0001385485   0.0001369466  -0.0000533755
        0.0000678186   0.0002144693  -0.0000890326  -0.0025065148  -0.0008044707
        0.0016612482   0.0004915863  -0.0003936740  -0.0005062621   0.0003982396
        0.0001376456  -0.0001920098  -0.0003555506   0.0002520940  -0.0001482195
        0.0000440363  -0.0000295055   0.0000125618  -0.0000564995  -0.0000114818
       -0.0000381290  -0.0000379874   0.0000003431   0.0000172934  -0.0045586546
        0.0038574664   0.0039091156   0.0003294064   0.0008355572  -0.0002988123
       -0.0009539143   0.0007918588  -0.0000336398   0.0003631578  -0.0001149815
        0.0002878996
       -0.0009587484   0.0037409690   0.0010082881   0.0205141300   0.0572893881
       -0.0263405281  -0.2702903440  -0.2471793998   0.4478607855   0.0402274177
        0.0161509629  -0.0301722878  -0.0010727456  -0.0046844413  -0.0053965198
        0.0013497609   0.0003243624   0.0002927388   0.0013021531   0.0012434791
        0.0001455433   0.2143111315   0.1779027977  -0.3892135849  -0.0005432551
       -0.0001121329   0.0007448802  -0.0005793037   0.0002288445   0.0006202070
       -0.0000427928  -0.0002004105   0.0000918980  -0.0023612453  -0.0017679071
        0.0024510889   0.0022802556  -0.0014693897  -0.0019426426  -0.0002431316
       -0.0004221172  -0.0002017333   0.0002482931  -0.0004281409  -0.0002743873
        0.0001204327   0.0002224656  -0.0000354121   0.0003109477  -0.0000377838
        0.0001823803   0.0003085929  -0.0000354838  -0.0001489710  -0.0024369877
       -0.0006096988   0.0002186625  -0.0000490553   0.0007037264  -0.0002890606
       -0.0005715834  -0.0007532025   0.0011675169  -0.0018239223  -0.0001068871
       -0.0007688618
       -0.0501719964   0.0010099491   0.0118513582  -0.0069360397   0.0239719956
        0.0011680969  -0.0185435576   0.0028089947   0.0402274177   0.3765739519
        0.0115393681  -0.0004648930  -0.1421148394  -0.0219271392  -0.0256005355
       -0.0143906820  -0.0130803253  -0.0008964019  -0.0258490505  -0.0041064722
       -0.0132557275  -0.0870732352   0.0105748429   0.0216324616   0.0046478500
       -0.0023973927  -0.0015222551   0.0014221224   0.0012800886  -0.0048419159
       -0.0009409892   0.0002429592  -0.0005602949   0.0051251884  -0.0004737966
        0.0016860832  -0.0365556951   0.0059883779  -0.0336250416  -0.0001659105
        0.0019268578   0.0012193507  -0.0003551937  -0.0001693956   0.0016577162
       -0.0003784931  -0.0000858803  -0.0002265017  -0.0010403273  -0.0003516466
       -0.0002568965  -0.0004829286   0.0004516968   0.0008338199  -0.0027341130
       -0.0168315702   0.0003103135  -0.0008509183   0.0007423097   0.0008149142
        0.0004335337  -0.0003981284  -0.0001878813   0.0003813232  -0.0007156933
        0.0000368128
       -0.0144544455  -0.2254718201   0.0294597291   0.0227705591  -0.0257115054
       -0.0142003438  -0.0087122209  -0.0032826096   0.0161509629   0.0115393681
        0.4546232360  -0.0369189190  -0.0411082990  -0.0658619439  -0.0063807890
       -0.0211007543  -0.0132123611  -0.0035865323   0.0102191790   0.0070621081
        0.0012994595   0.0430391373  -0.0664946024  -0.0414456358  -0.0020559189
       -0.0024587490   0.0032525689   0.0001004269  -0.0008361755   0.0039937494
       -0.0003866286  -0.0003832225  -0.0001182180   0.0015645766  -0.0020997826
        0.0024926378   0.0052092629  -0.0418150962   0.0364789255  -0.0008399234
       -0.0000324098  -0.0017048612   0.0008227653  -0.0010396930  -0.0003785102
       -0.0007355598  -0.0001944405  -0.0003021248   0.0011895221   0.0001435401
        0.0006295084   0.0004656098  -0.0001202148  -0.0004520999  -0.0081989696
       -0.0119594338   0.0121923307   0.0001395772   0.0000210529   0.0002068560
        0.0006996221  -0.0006456888  -0.0007168870  -0.0001668865  -0.0002301882
        0.0000481930
        0.0112392391  -0.0015213029  -0.0725588728  -0.0012688828  -0.0030502723
        0.0056783058   0.0434982643  -0.0021557634  -0.0301722878  -0.0004648930
       -0.0369189190   0.5034648610  -0.0411966972  -0.0088369643  -0.0651778868
        0.0060793496   0.0022820923   0.0024005804  -0.0176850007  -0.0043545613
       -0.0054155673   0.0340168710  -0.0203664786  -0.0899753959  -0.0013174337
        0.0036016880   0.0030196787  -0.0043462475   0.0040942245   0.0025615353
       -0.0001524525   0.0000505855  -0.0004002485   0.0019473461   0.0025657072
        0.0017753252  -0.0343037519   0.0354803872  -0.2487089535   0.0013939689
        0.0000066447  -0.0009897540   0.0003882843  -0.0013306996  -0.0013414834
        0.0005342513   0.0004876887   0.0001030975  -0.0006386035  -0.0003179813
       -0.0002697777   0.0006574227  -0.0004495020  -0.0008574461   0.0018586611
        0.0302093627  -0.0031872765  -0.0004943156   0.0004461452   0.0002959101
        0.0001386520   0.0000791743  -0.0000583647   0.0001159680  -0.0000012556
       -0.0001859791
       -0.0043090558  -0.0113862488  -0.0005452653  -0.0006390815  -0.0030755480
        0.0007948860   0.0037129149   0.0023479054  -0.0010727456  -0.1421148394
       -0.0411082990  -0.0411966972   0.4998806361   0.0650029633   0.1595813151
       -0.0972807888  -0.0912552851   0.0226298269  -0.1603869971   0.0920046867
       -0.1109564725  -0.0376759919   0.0047245560   0.0055455165  -0.0115528187
       -0.0286018113   0.0094713329  -0.0442336762  -0.0029115349  -0.0229352065
        0.0007111063   0.0120193356  -0.0024841173   0.0005796108   0.0004206758
        0.0009767286  -0.0114598170  -0.0018840929  -0.0078383760   0.0042305348
        0.0149844415  -0.0068638571   0.0057973942  -0.0029962288   0.0039843096
       -0.0029333580  -0.0039556697  -0.0041350676  -0.0030101959  -0.0035123531
       -0.0044301180   0.0008404119   0.0004126509   0.0000625213  -0.0004892109
       -0.0010992697  -0.0003322517  -0.0000439758   0.0001242858   0.0000043183
        0.0002849791  -0.0001907973  -0.0001504246   0.0000922191  -0.0000643623
       -0.0001101559
       -0.0311545001  -0.0297792353  -0.0034524853   0.0017153182  -0.0050292748
        0.0006543726   0.0017294124   0.0003038151  -0.0046844413  -0.0219271392
       -0.0658619439  -0.0088369643   0.0650029633   0.5556379380  -0.1913884832
       -0.0341668528  -0.2654027132   0.0997296337   0.0339736458  -0.1507681260
        0.0745035429   0.0001491692   0.0103358287   0.0090594789  -0.0768011214
       -0.0200840994  -0.0310461770   0.0439669806   0.0479860466  -0.0015381397
        0.0125158205  -0.0464595191   0.0289021728  -0.0003445295  -0.0002363353
       -0.0002800197   0.0007944037   0.0025604438  -0.0000578267  -0.0022862510
       -0.0163820774   0.0076474851   0.0146866084  -0.0176267623   0.0185633162
       -0.0034182498   0.0017452119   0.0017280538  -0.0037389755   0.0015848818
        0.0014284748   0.0005291954  -0.0003618375   0.0003893903  -0.0012853596
       -0.0021809192  -0.0011367619   0.0001171223  -0.0001336506  -0.0002399193
        0.0000135834   0.0000638432   0.0000029290  -0.0000712444   0.0000884849
        0.0000523684
        0.0026825255  -0.0014567557   0.0047392321   0.0012537696  -0.0024681846
        0.0002804261   0.0014775017   0.0003609997  -0.0053965198  -0.0256005355
       -0.0063807890  -0.0651778868   0.1595813151  -0.1913884832   0.3291637997
       -0.0088108633   0.0666108077  -0.0918689646  -0.0806878499   0.1075515897
       -0.1521525998   0.0051035223   0.0057356043   0.0091971552   0.0354736368
       -0.0046116533   0.0231230530  -0.0490906496  -0.0282789754  -0.0114366993
       -0.0032405955   0.0288990865  -0.0238942845  -0.0007665916  -0.0001905474
       -0.0002370908  -0.0282386364  -0.0051910243  -0.0116709715   0.0032344854
        0.0180869599  -0.0072432972  -0.0052924110   0.0083661483  -0.0066917336
       -0.0043183661   0.0015237963   0.0050820282  -0.0040013601   0.0016699165
        0.0050998368   0.0002251651   0.0004841800  -0.0001185021   0.0008795715
        0.0006907417  -0.0005986137   0.0001260147  -0.0001488223  -0.0001715657
        0.0000196707   0.0000317463  -0.0000258895  -0.0000093195   0.0001036583
       -0.0000009121
       -0.0043749264  -0.0051091754  -0.0003552185  -0.0015826295   0.0002596492
        0.0006166697  -0.0009578681  -0.0005438120   0.0013497609  -0.0143906820
       -0.0211007543   0.0060793496  -0.0972807888  -0.0341668528  -0.0088108633
        0.5637003359   0.0951868667   0.1975784092   0.0419226812   0.0065478261
        0.0193288637   0.0009677583  -0.0017847861  -0.0023204638  -0.2728015230
       -0.1205750809  -0.0606699931  -0.0299594487  -0.0331548243   0.0046035426
       -0.0437883174   0.0432221009  -0.0489125355   0.0002920245  -0.0002718582
       -0.0002086458  -0.0000278010  -0.0015376981   0.0012860394  -0.1314863134
        0.0779916798  -0.0975025190  -0.0003588262   0.0009173933  -0.0051649950
       -0.0094449134  -0.0058819950  -0.0023744634   0.0000390860  -0.0005861941
        0.0004345111  -0.0001198544   0.0008363062  -0.0048262276  -0.0002648472
       -0.0002581851  -0.0002243711  -0.0000210348  -0.0000066489   0.0000713213
       -0.0000404956  -0.0000156334  -0.0000097183  -0.0000216159   0.0000316763
        0.0000315470
       -0.0016156778  -0.0011404615   0.0000965590   0.0004880571   0.0000909001
       -0.0003531255  -0.0002948258  -0.0000079951   0.0003243624  -0.0130803253
       -0.0132123611   0.0022820923  -0.0912552851  -0.2654027132   0.0666108077
        0.0951868667   0.5481259401  -0.1836345363   0.0502969910  -0.0350642124
        0.0479148394   0.0003279822  -0.0012965757  -0.0004917284  -0.0577872802
       -0.1202830601   0.0076557330  -0.0333923200  -0.0363818290  -0.0015015832
       -0.0037582053   0.0482789949  -0.0276929369  -0.0001767883   0.0000532619
        0.0001621823   0.0012060871   0.0005433913   0.0012474063   0.0777161358
       -0.1118588413   0.0853623670   0.0005450949   0.0002568731   0.0042386706
       -0.0246573318  -0.0128117644  -0.0064815295  -0.0005894795  -0.0000806176
       -0.0004171678   0.0010382879   0.0005985044   0.0046132255  -0.0002039336
       -0.0003788438   0.0000910949   0.0000128587   0.0000386940  -0.0000221829
        0.0000271580  -0.0000214380   0.0000028177  -0.0000340667  -0.0000458466
       -0.0000073677
       -0.0022909834  -0.0028673905   0.0004243872   0.0006972544   0.0011759832
        0.0000095563  -0.0004382281   0.0003935856   0.0002927388  -0.0008964019
       -0.0035865323   0.0024005804   0.0226298269   0.0997296337  -0.0918689646
        0.1975784092  -0.1836345363   0.3270920235  -0.0043154351   0.0236997011
       -0.0140394631   0.0005079003  -0.0021105014  -0.0001766313  -0.0946833157
       -0.0270606807  -0.0846731513   0.0043018163  -0.0019029964  -0.0020552816
       -0.0233714418  -0.0010865607  -0.0109946994  -0.0000598036   0.0001843932
       -0.0000600616  -0.0007179407  -0.0009904184   0.0006638846  -0.0975682910
        0.0856355482  -0.1350296260  -0.0047879808   0.0044826463   0.0025409352
        0.0080236526   0.0040972981   0.0027918986   0.0004727761  -0.0004057536
        0.0002558135  -0.0049744083   0.0043908127   0.0025543031  -0.0001291604
       -0.0001436268  -0.0001545808   0.0000498111  -0.0000227916   0.0001136523
       -0.0001086628   0.0000116256  -0.0000307431   0.0000806068   0.0000105606
       -0.0000565705
        0.0001154601   0.0011536840  -0.0010235861  -0.0001434778   0.0019394721
       -0.0000928300  -0.0003852237  -0.0000223189   0.0013021531  -0.0258490505
        0.0102191790  -0.0176850007  -0.1603869971   0.0339736458  -0.0806878499
        0.0419226812   0.0502969910  -0.0043154351   0.5525684271   0.1120313828
        0.1834237380   0.0009412345  -0.0033893916  -0.0036225243  -0.0489283389
        0.0069009793  -0.0280545556  -0.2700211908  -0.0567748096  -0.0928495448
       -0.0098326159  -0.0761732419   0.0350679311   0.0001346328   0.0000786131
       -0.0000025296  -0.0027115315  -0.0007443751  -0.0012496428   0.0016041305
       -0.0031714813  -0.0013902679  -0.0623904695  -0.0684907064   0.0206888282
       -0.0003751522   0.0002988966  -0.0003398336  -0.0184185157  -0.0056293554
       -0.0073425693   0.0018199422  -0.0030293892  -0.0016339397   0.0003174134
        0.0005922314  -0.0001747197  -0.0000130218   0.0000159455   0.0000431205
       -0.0000134794  -0.0000162998  -0.0000048907   0.0000451431  -0.0000596515
       -0.0000560514
       -0.0007976270  -0.0002825258  -0.0006302096  -0.0003168006   0.0006945174
       -0.0001175631  -0.0004171376  -0.0003209219   0.0012434791  -0.0041064722
        0.0070621081  -0.0043545613   0.0920046867  -0.1507681260   0.1075515897
        0.0065478261  -0.0350642124   0.0236997011   0.1120313828   0.5722932603
       -0.1830533906   0.0006189515  -0.0008610324  -0.0023430613   0.0065425100
        0.0013974671  -0.0002085466  -0.1194304386  -0.1190029257  -0.0269620418
       -0.0289043504  -0.0199535608  -0.0043587802   0.0001458541   0.0000378428
        0.0000821631  -0.0025790430  -0.0003797908  -0.0009659205  -0.0028749459
       -0.0033935309   0.0044836261  -0.0680423643  -0.2542071306   0.0774666884
        0.0003410292   0.0007702061  -0.0003778540   0.0129931740   0.0051286210
        0.0048167688  -0.0033608120  -0.0033218022   0.0042553733  -0.0003518933
        0.0001950744  -0.0002756910   0.0000040361   0.0000091088   0.0000554041
       -0.0000399109  -0.0000086581   0.0000024538  -0.0000076549  -0.0000239884
       -0.0000096273
       -0.0004652711   0.0018623731  -0.0004098770   0.0002477206   0.0000918302
        0.0004509218  -0.0001168498  -0.0001190429   0.0001455433  -0.0132557275
        0.0012994595  -0.0054155673  -0.1109564725   0.0745035429  -0.1521525998
        0.0193288637   0.0479148394  -0.0140394631   0.1834237380  -0.1830533906
        0.3156356012   0.0002892003  -0.0003273498  -0.0011984530  -0.0277286811
        0.0000205363  -0.0209844633  -0.0584500689   0.0081128593  -0.0838139593
        0.0093186259  -0.0307533916   0.0232966684   0.0000301503  -0.0000202894
       -0.0001605709  -0.0011317199  -0.0003724488  -0.0005442270  -0.0016874964
        0.0042185579   0.0043015550   0.0204576292   0.0781366330  -0.0633197104
       -0.0002970422  -0.0003423554  -0.0001590177  -0.0176526406  -0.0055782964
       -0.0060998788  -0.0016034996   0.0044076107   0.0047150655   0.0002488304
       -0.0000007135  -0.0001728568  -0.0000225142   0.0000157491  -0.0000413881
        0.0000164975  -0.0000018191  -0.0000035277   0.0000067281  -0.0000148938
       -0.0000297949
       -0.0020343393   0.0016256088   0.0013473513  -0.0695068828   0.0196066098
        0.0137967180  -0.2044530917  -0.1209305263   0.2143111315  -0.0870732352
        0.0430391373   0.0340168710  -0.0376759919   0.0001491692   0.0051035223
        0.0009677583   0.0003279822   0.0005079003   0.0009412345   0.0006189515
        0.0002892003   0.4054080631   0.0266643470  -0.2666553951  -0.0004238113
       -0.0008020393  -0.0005019944  -0.0008085901  -0.0006150121  -0.0010443445
       -0.0002392905  -0.0000089545  -0.0001308934  -0.0068304561   0.0263792091
       -0.0048184755   0.0024234878  -0.0025720844  -0.0010825560  -0.0000119667
       -0.0002178361   0.0000653086  -0.0001569015  -0.0000196537   0.0002651402
        0.0003543190   0.0004635814  -0.0000309045   0.0004587906  -0.0001101520
        0.0003186420   0.0003857310   0.0001880916   0.0001602648   0.0024103212
       -0.0005728355   0.0016428167  -0.0001886989   0.0001799004  -0.0005812482
       -0.0039768591   0.0043184862   0.0032237524   0.0000304095   0.0022880194
       -0.0002028077
        0.0185331833  -0.0427682255  -0.0107068347   0.0303226549  -0.2546231414
        0.0487899332  -0.1117312825  -0.1694299982   0.1779027977   0.0105748429
       -0.0664946024  -0.0203664786   0.0047245560   0.0103358287   0.0057356043
       -0.0017847861  -0.0012965757  -0.0021105014  -0.0033893916  -0.0008610324
       -0.0003273498   0.0266643470   0.5687603279  -0.1930428461   0.0005504199
       -0.0006596906  -0.0001289544   0.0009098138  -0.0001605210  -0.0006641220
       -0.0000706950  -0.0004364566   0.0002609485   0.0214547168  -0.0351268884
       -0.0062049273  -0.0004292198   0.0039198279   0.0022698819  -0.0007539436
       -0.0005850807   0.0015056686   0.0005316462  -0.0003710603   0.0004511369
       -0.0003055957  -0.0002688691  -0.0000356273  -0.0003307772   0.0000136118
       -0.0001953451  -0.0002482531   0.0000188220   0.0001692295   0.0060667426
       -0.0082793696  -0.0042557383   0.0001878807   0.0000551161   0.0014159360
        0.0005453830  -0.0028304276  -0.0006786085  -0.0020222425   0.0010884053
        0.0002161968
        0.0036717435   0.0025336426  -0.0016062169   0.0083762259   0.0645295887
       -0.0876839685   0.2113048549   0.1871649474  -0.3892135849   0.0216324616
       -0.0414456358  -0.0899753959   0.0055455165   0.0090594789   0.0091971552
       -0.0023204638  -0.0004917284  -0.0001766313  -0.0036225243  -0.0023430613
       -0.0011984530  -0.2666553951  -0.1930428461   0.5750803698   0.0009003274
        0.0000575521  -0.0006604834   0.0008862802   0.0003938475  -0.0010622883
        0.0000147624   0.0001378137  -0.0000772632  -0.0026284763  -0.0159241543
        0.0071662119   0.0201864435  -0.0111546164  -0.0210230130   0.0003944326
        0.0008272309   0.0001870433  -0.0003558090   0.0006498422   0.0002725344
       -0.0003750220  -0.0004626534   0.0000445661  -0.0007043476   0.0000237228
       -0.0003555351  -0.0004920375  -0.0000151435   0.0001159820  -0.0018517176
        0.0047790216   0.0028438624   0.0020111146  -0.0035634979  -0.0014122428
        0.0019717132  -0.0003980262  -0.0023798465   0.0021099168  -0.0013153248
        0.0019171979
       -0.0008983861  -0.0003705298   0.0000089419   0.0001938396  -0.0000567280
        0.0002246966   0.0003420800   0.0001497594  -0.0005432551   0.0046478500
       -0.0020559189  -0.0013174337  -0.0115528187  -0.0768011214   0.0354736368
       -0.2728015230  -0.0577872802  -0.0946833157  -0.0489283389   0.0065425100
       -0.0277286811  -0.0004238113   0.0005504199   0.0009003274   0.5498003560
        0.1090620667   0.1827271813   0.0453217971   0.0529749237  -0.0049062605
       -0.1683510963   0.0321161761  -0.0844291067  -0.0000322218  -0.0000650970
       -0.0001086982  -0.0000645036   0.0004432954  -0.0005110079  -0.0178485129
       -0.0056277273  -0.0075616437  -0.0003717863   0.0003454400  -0.0001392007
       -0.0628772562  -0.0685273888   0.0216153670   0.0020539686  -0.0033395654
       -0.0015194049  -0.0182623804   0.0124378211  -0.0174289900   0.0000419007
       -0.0000594408  -0.0000752103  -0.0000169440   0.0000206503  -0.0000100195
        0.0000276650   0.0000133088   0.0000065962   0.0000001226   0.0000344261
        0.0000054808
       -0.0007418814  -0.0005774184  -0.0001509579   0.0003010926   0.0002450965
       -0.0000456874   0.0002034062   0.0002105367  -0.0001121329  -0.0023973927
       -0.0024587490   0.0036016880  -0.0286018113  -0.0200840994  -0.0046116533
       -0.1205750809  -0.1202830601  -0.0270606807   0.0069009793   0.0013974671
        0.0000205363  -0.0008020393  -0.0006596906   0.0000575521   0.1090620667
        0.5718425914  -0.1887298367   0.0060054271  -0.0367662319   0.0242883594
        0.0947076768  -0.1500131099   0.1085961593  -0.0000209045   0.0000081798
       -0.0000111588   0.0004583793  -0.0002357562   0.0003573591   0.0132195863
        0.0053179915   0.0049912489   0.0002741356   0.0006441887  -0.0003497505
       -0.0683907087  -0.2504075775   0.0807270512  -0.0029199573  -0.0033841652
        0.0046066392  -0.0065052974   0.0053171383  -0.0061889152  -0.0001677153
       -0.0001820866  -0.0000001661  -0.0000325673   0.0000378755   0.0000186425
       -0.0000086184   0.0000106017   0.0000215469   0.0000312245   0.0000202776
       -0.0000258432
        0.0007656446   0.0011517227   0.0000745594  -0.0002218067   0.0004816205
        0.0000794072  -0.0000300582  -0.0001088823   0.0007448802  -0.0015222551
        0.0032525689   0.0030196787   0.0094713329  -0.0310461770   0.0231230530
       -0.0606699931   0.0076557330  -0.0846731513  -0.0280545556  -0.0002085466
       -0.0209844633  -0.0005019944  -0.0001289544  -0.0006604834   0.1827271813
       -0.1887298367   0.3227659291   0.0210126465   0.0505762410  -0.0143887025
       -0.1188066685   0.0737509123  -0.1552793213   0.0001475380  -0.0000405447
       -0.0000335211   0.0005537648  -0.0000611395   0.0001397622  -0.0174997358
       -0.0055859358  -0.0061079407  -0.0002003686  -0.0003058648  -0.0001593875
        0.0216036585   0.0805499668  -0.0667242475  -0.0017744844   0.0043602459
        0.0046812730  -0.0069797038   0.0043793209  -0.0057376873   0.0000125644
        0.0000486971   0.0000714804  -0.0000389583   0.0000191462   0.0000420481
        0.0000099802  -0.0000097657  -0.0000025437  -0.0000037289  -0.0000005277
        0.0000093784
        0.0007195095   0.0004959639   0.0003960827   0.0001091315  -0.0006613044
       -0.0000931065   0.0003973908   0.0001385485  -0.0005793037   0.0014221224
        0.0001004269  -0.0043462475  -0.0442336762   0.0439669806  -0.0490906496
       -0.0299594487  -0.0333923200   0.0043018163  -0.2700211908  -0.1194304386
       -0.0584500689  -0.0008085901   0.0009098138   0.0008862802   0.0453217971
        0.0060054271   0.0210126465   0.5548158968   0.0926966635   0.1929315738
       -0.1062107127  -0.0394196113  -0.0108481101  -0.0000774502  -0.0000616391
        0.0000227636  -0.0014804879  -0.0002477420  -0.0001790315   0.0000041019
       -0.0004579386   0.0004474083  -0.0089718919  -0.0056349952  -0.0024252692
        0.0000556471   0.0012403643  -0.0050073937  -0.1311521577   0.0784697723
       -0.0964623481  -0.0098690852  -0.0246890549   0.0075197952  -0.0000137524
       -0.0000815224  -0.0000904592  -0.0000068933   0.0000180208   0.0000002785
       -0.0000043840   0.0000018420   0.0000299034  -0.0000358759   0.0000327430
        0.0000234394
       -0.0007473041   0.0000010554  -0.0004749092  -0.0002105424   0.0001086204
       -0.0001094809  -0.0001056465   0.0001369466   0.0002288445   0.0012800886
       -0.0008361755   0.0040942245  -0.0029115349   0.0479860466  -0.0282789754
       -0.0331548243  -0.0363818290  -0.0019029964  -0.0567748096  -0.1190029257
        0.0081128593  -0.0006150121  -0.0001605210   0.0003938475   0.0529749237
       -0.0367662319   0.0505762410   0.0926966635   0.5623337280  -0.1902181391
       -0.1022585503  -0.2803263721   0.0691371253   0.0000693362  -0.0000130060
        0.0000345864   0.0007559098   0.0002287108   0.0005435272  -0.0004646718
       -0.0000861082  -0.0004220983  -0.0243878114  -0.0121492547  -0.0062719789
        0.0007940306   0.0005077046   0.0045171126   0.0784617942  -0.1137519402
        0.0864883770  -0.0055881619  -0.0118262787   0.0035740460   0.0002246718
       -0.0000028398  -0.0000406141  -0.0000069196   0.0000090243   0.0000161201
       -0.0000144708  -0.0000050397   0.0000021695  -0.0000171584  -0.0000033142
        0.0000001112
        0.0012703407   0.0007360507   0.0002597159   0.0000436244   0.0003041347
       -0.0001109251   0.0000104268  -0.0000533755   0.0006202070  -0.0048419159
        0.0039937494   0.0025615353  -0.0229352065  -0.0015381397  -0.0114366993
        0.0046035426  -0.0015015832  -0.0020552816  -0.0928495448  -0.0269620418
       -0.0838139593  -0.0010443445  -0.0006641220  -0.0010622883  -0.0049062605
        0.0242883594  -0.0143887025   0.1929315738  -0.1902181391   0.3267653288
        0.0233929322   0.1035873538  -0.0913361046   0.0000499166   0.0000461965
        0.0000840110   0.0003200075   0.0000560117   0.0002354828   0.0004035104
       -0.0003759261   0.0002067312   0.0077771726   0.0038912052   0.0029108955
       -0.0048140308   0.0047208912   0.0025937817  -0.0963704587   0.0866117475
       -0.1349476994  -0.0028096845  -0.0069568112   0.0028666012  -0.0002073939
        0.0000107219   0.0000316604  -0.0000321386   0.0000486954   0.0000180538
        0.0000147955  -0.0000169172   0.0000056444  -0.0000068645  -0.0000080616
       -0.0000079889
        0.0000726343   0.0003004155  -0.0000367192   0.0001238279  -0.0002155290
       -0.0000214747  -0.0000102807   0.0000678186  -0.0000427928  -0.0009409892
       -0.0003866286  -0.0001524525   0.0007111063   0.0125158205  -0.0032405955
       -0.0437883174  -0.0037582053  -0.0233714418  -0.0098326159  -0.0289043504
        0.0093186259  -0.0002392905  -0.0000706950   0.0000147624  -0.1683510963
        0.0947076768  -0.1188066685  -0.1062107127  -0.1022585503   0.0233929322
        0.5677844153   0.1113953816   0.1914217169  -0.0000556976  -0.0000082564
        0.0000304549   0.0001001680  -0.0000067071   0.0002470453  -0.0028815164
       -0.0035761555  -0.0043328344  -0.0029335354  -0.0036869500  -0.0039878837
        0.0046399658  -0.0040552150   0.0044465847   0.0042896388   0.0156682485
       -0.0065518443  -0.2424470171  -0.0877814822  -0.0683692636  -0.0000053098
        0.0000079990  -0.0000118877  -0.0000267456   0.0000266088   0.0000221685
        0.0000090622  -0.0000023319   0.0000123714  -0.0000076938   0.0000210874
        0.0000191965
       -0.0002374969   0.0004199932  -0.0001327006   0.0000683806   0.0003587843
        0.0000008508   0.0001156880   0.0002144693  -0.0002004105   0.0002429592
       -0.0003832225   0.0000505855   0.0120193356  -0.0464595191   0.0288990865
        0.0432221009   0.0482789949  -0.0010865607  -0.0761732419  -0.0199535608
       -0.0307533916  -0.0000089545  -0.0004364566   0.0001378137   0.0321161761
       -0.1500131099   0.0737509123  -0.0394196113  -0.2803263721   0.1035873538
        0.1113953816   0.5564214420  -0.1774932036  -0.0000239872   0.0000308802
       -0.0000079252   0.0002298556   0.0000970272  -0.0002418773  -0.0039372763
        0.0015810736   0.0014155671  -0.0034162550   0.0016400107   0.0016687614
        0.0148883264  -0.0166933399   0.0177943555  -0.0033784941  -0.0161188650
        0.0073612078  -0.0878165731  -0.0786410803  -0.0247645196   0.0001069502
       -0.0000042251   0.0000312614  -0.0000098813   0.0000088575  -0.0000006393
       -0.0000107142   0.0000066992   0.0000073623   0.0000273318  -0.0000284807
       -0.0000238897
        0.0002209014  -0.0000900294   0.0000524348  -0.0000315632  -0.0003651001
        0.0000051763  -0.0000855231  -0.0000890326   0.0000918980  -0.0005602949
       -0.0001182180  -0.0004002485  -0.0024841173   0.0289021728  -0.0238942845
       -0.0489125355  -0.0276929369  -0.0109946994   0.0350679311  -0.0043587802
        0.0232966684  -0.0001308934   0.0002609485  -0.0000772632  -0.0844291067
        0.1085961593  -0.1552793213  -0.0108481101   0.0691371253  -0.0913361046
        0.1914217169  -0.1774932036   0.3204293177  -0.0000193342  -0.0000408295
        0.0000155949  -0.0001511089  -0.0001201574   0.0002808642  -0.0040160293
        0.0016709887   0.0050674708  -0.0042618536   0.0013426867   0.0049272457
       -0.0060300763   0.0073326219  -0.0065308511   0.0037575359   0.0178539899
       -0.0068586293  -0.0684137692  -0.0247657747  -0.0588220085  -0.0000599205
        0.0000121212  -0.0000085938  -0.0000147818   0.0000084496   0.0000012145
        0.0000124054  -0.0000079687   0.0000069855  -0.0000314728   0.0000247674
        0.0000271336
       -0.0005457145   0.0006536469   0.0003391106  -0.1098967023   0.0378279383
        0.0558927489  -0.0007945277  -0.0025065148  -0.0023612453   0.0051251884
        0.0015645766   0.0019473461   0.0005796108  -0.0003445295  -0.0007665916
        0.0002920245  -0.0001767883  -0.0000598036   0.0001346328   0.0001458541
        0.0000301503  -0.0068304561   0.0214547168  -0.0026284763  -0.0000322218
       -0.0000209045   0.0001475380  -0.0000774502   0.0000693362   0.0000499166
       -0.0000556976  -0.0000239872  -0.0000193342   0.4552754591   0.0432326625
        0.0428112961  -0.0005132333   0.0002073909   0.0002554816  -0.0002269041
        0.0000276844   0.0001682061   0.0000023898  -0.0000058187  -0.0000255251
       -0.0000454643  -0.0000112887   0.0000028445  -0.0000145064  -0.0000041711
       -0.0000202984  -0.0000042193  -0.0000056755  -0.0000263705  -0.0000745321
       -0.0000401182   0.0002520504  -0.1122642367  -0.0612070987  -0.0923253166
       -0.0776991743   0.0604166925  -0.0687085799  -0.1523342647  -0.1012536037
        0.0650448523
        0.0011998754  -0.0020827582  -0.0005984828   0.0294518781  -0.0849103697
       -0.0226727576   0.0010343474  -0.0008044707  -0.0017679071  -0.0004737966
       -0.0020997826   0.0025657072   0.0004206758  -0.0002363353  -0.0001905474
       -0.0002718582   0.0000532619   0.0001843932   0.0000786131   0.0000378428
       -0.0000202894   0.0263792091  -0.0351268884  -0.0159241543  -0.0000650970
        0.0000081798  -0.0000405447  -0.0000616391  -0.0000130060   0.0000461965
       -0.0000082564   0.0000308802  -0.0000408295   0.0432326625   0.4849458127
       -0.0533680026  -0.0000053430  -0.0002071349   0.0000533430   0.0002571674
        0.0001131343  -0.0001735006  -0.0000084623   0.0000192085  -0.0000429405
        0.0000560188   0.0000408757  -0.0000098513   0.0000488821   0.0000170637
        0.0000316226   0.0000378697   0.0000125661  -0.0000102074  -0.0000422604
        0.0001337033  -0.0000441888  -0.0645975596  -0.0931422114  -0.0751213329
        0.0593405798  -0.1405386434   0.1092846504  -0.0960035065  -0.1262509284
        0.0578596241
       -0.0004136881   0.0006943230   0.0005038139   0.0582679402  -0.0355733883
       -0.1103555292  -0.0051767039   0.0016612482   0.0024510889   0.0016860832
        0.0024926378   0.0017753252   0.0009767286  -0.0002800197  -0.0002370908
       -0.0002086458   0.0001621823  -0.0000600616  -0.0000025296   0.0000821631
       -0.0001605709  -0.0048184755  -0.0062049273   0.0071662119  -0.0001086982
       -0.0000111588  -0.0000335211   0.0000227636   0.0000345864   0.0000840110
        0.0000304549  -0.0000079252   0.0000155949   0.0428112961  -0.0533680026
        0.4850256590  -0.0000920093  -0.0002391375   0.0003507014   0.0003493534
       -0.0001493231  -0.0000343665   0.0000432598   0.0000039555   0.0000017461
        0.0000625195   0.0000157727   0.0000182012   0.0000529348   0.0000182070
        0.0000417457   0.0000424651  -0.0000063999   0.0000070865   0.0002550891
       -0.0000778430  -0.0002742542  -0.0945854904  -0.0739981709  -0.1542159463
       -0.0647881696   0.1036933826  -0.1498238486   0.0655935222   0.0610578380
       -0.0822459966
        0.0026895581   0.0011564247   0.0032507655  -0.0001051550  -0.0013438960
       -0.0002374768  -0.0045029993   0.0004915863   0.0022802556  -0.0365556951
        0.0052092629  -0.0343037519  -0.0114598170   0.0007944037  -0.0282386364
       -0.0000278010   0.0012060871  -0.0007179407  -0.0027115315  -0.0025790430
       -0.0011317199   0.0024234878  -0.0004292198   0.0201864435  -0.0000645036
        0.0004583793   0.0005537648  -0.0014804879   0.0007559098   0.0003200075
        0.0001001680   0.0002298556  -0.0001511089  -0.0005132333  -0.0000053430
       -0.0000920093   0.0521726740  -0.0038860783   0.0378923875   0.0002879785
       -0.0006406263  -0.0000506500   0.0002944911  -0.0002569623  -0.0000771630
        0.0000587101   0.0000307902   0.0000484184  -0.0002973047  -0.0000726602
       -0.0000860146   0.0001209135  -0.0000977704  -0.0001391685  -0.0004501478
       -0.0009927109   0.0007535280   0.0000528304  -0.0001044185  -0.0001007798
       -0.0000287967   0.0000472951   0.0000112336  -0.0000033387   0.0000287339
        0.0000296154
       -0.0016359907  -0.0231530911   0.0324204270   0.0008047823  -0.0002881953
        0.0005196972   0.0029422265  -0.0003936740  -0.0014693897   0.0059883779
       -0.0418150962   0.0354803872  -0.0018840929   0.0025604438  -0.0051910243
       -0.0015376981   0.0005433913  -0.0009904184  -0.0007443751  -0.0003797908
       -0.0003724488  -0.0025720844   0.0039198279  -0.0111546164   0.0004432954
       -0.0002357562  -0.0000611395  -0.0002477420   0.0002287108   0.0000560117
       -0.0000067071   0.0000970272  -0.0001201574   0.0002073909  -0.0002071349
       -0.0002391375  -0.0038860783   0.0640805896  -0.0518548677  -0.0003742036
       -0.0006252555   0.0002757928  -0.0001358259  -0.0001995099  -0.0000013409
       -0.0000086958  -0.0000071282   0.0000276664  -0.0001021686  -0.0000506023
        0.0000039755   0.0000018474  -0.0000115525   0.0000848743   0.0028165264
       -0.0041083814   0.0024897548  -0.0000137958   0.0000415441   0.0000183861
        0.0000352440  -0.0000108511   0.0000065935  -0.0000902326   0.0000144848
        0.0000709741
        0.0027445742   0.0122003734  -0.0044854550  -0.0001896873  -0.0000484118
        0.0011184244   0.0039689498  -0.0005062621  -0.0019426426  -0.0336250416
        0.0364789255  -0.2487089535  -0.0078383760  -0.0000578267  -0.0116709715
        0.0012860394   0.0012474063   0.0006638846  -0.0012496428  -0.0009659205
       -0.0005442270  -0.0010825560   0.0022698819  -0.0210230130  -0.0005110079
        0.0003573591   0.0001397622  -0.0001790315   0.0005435272   0.0002354828
        0.0002470453  -0.0002418773   0.0002808642   0.0002554816   0.0000533430
        0.0003507014   0.0378923875  -0.0518548677   0.2864757102   0.0000637367
       -0.0006616881   0.0000355531   0.0002513221  -0.0001948261   0.0000983439
        0.0000878315   0.0000195302   0.0000397972  -0.0000595139  -0.0000455348
       -0.0000521188   0.0000772334  -0.0000769806  -0.0000748156  -0.0018980938
        0.0012241168  -0.0012115236  -0.0000999337   0.0001868729   0.0001285741
       -0.0000082521   0.0000199541   0.0000823220  -0.0001334649   0.0000529053
        0.0000643005
       -0.0000188031   0.0005798601  -0.0001072146  -0.0011956256   0.0000500868
       -0.0000678575   0.0002324791   0.0003982396  -0.0002431316  -0.0001659105
       -0.0008399234   0.0013939689   0.0042305348  -0.0022862510   0.0032344854
       -0.1314863134   0.0777161358  -0.0975682910   0.0016041305  -0.0028749459
       -0.0016874964  -0.0000119667  -0.0007539436   0.0003944326  -0.0178485129
        0.0132195863  -0.0174997358   0.0000041019  -0.0004646718   0.0004035104
       -0.0028815164  -0.0039372763  -0.0040160293  -0.0002269041   0.0002571674
        0.0003493534   0.0002879785  -0.0003742036   0.0000637367   0.1487612991
       -0.0824813168   0.1146349038   0.0000848635  -0.0002997318   0.0002316551
       -0.0000161822   0.0011701948   0.0008433777  -0.0003517125   0.0003225230
        0.0006273390  -0.0009925560   0.0006603491  -0.0009521363  -0.0000213103
       -0.0000542835   0.0000443747   0.0000276150  -0.0000172144  -0.0000377335
       -0.0000787014   0.0000443195   0.0000287742   0.0000630128  -0.0000347002
       -0.0000702858
       -0.0000706096   0.0004701076  -0.0003437116   0.0000115057   0.0003877147
        0.0000777833   0.0001581358   0.0001376456  -0.0004221172   0.0019268578
       -0.0000324098   0.0000066447   0.0149844415  -0.0163820774   0.0180869599
        0.0779916798  -0.1118588413   0.0856355482  -0.0031714813  -0.0033935309
        0.0042185579  -0.0002178361  -0.0005850807   0.0008272309  -0.0056277273
        0.0053179915  -0.0055859358  -0.0004579386  -0.0000861082  -0.0003759261
       -0.0035761555   0.0015810736   0.0016709887   0.0000276844   0.0001131343
       -0.0001493231  -0.0006406263  -0.0006252555  -0.0006616881  -0.0824813168
        0.1257483480  -0.1011738582   0.0008682200  -0.0008511135   0.0010204340
       -0.0000071037   0.0002294745  -0.0016272841   0.0003348120  -0.0003076792
       -0.0006501828  -0.0003672837   0.0001508351  -0.0003264960   0.0001067956
        0.0000906243  -0.0000771152   0.0000416794  -0.0000381109  -0.0000680664
        0.0000985790  -0.0000101595  -0.0000464733   0.0000676879  -0.0000565822
       -0.0000359698
       -0.0001056997  -0.0001194951   0.0000787421  -0.0000164717  -0.0008772317
       -0.0001060972   0.0000775318  -0.0001920098  -0.0002017333   0.0012193507
       -0.0017048612  -0.0009897540  -0.0068638571   0.0076474851  -0.0072432972
       -0.0975025190   0.0853623670  -0.1350296260  -0.0013902679   0.0044836261
        0.0043015550   0.0000653086   0.0015056686   0.0001870433  -0.0075616437
        0.0049912489  -0.0061079407   0.0004474083  -0.0004220983   0.0002067312
       -0.0043328344   0.0014155671   0.0050674708   0.0001682061  -0.0001735006
       -0.0000343665  -0.0000506500   0.0002757928   0.0000355531   0.1146349038
       -0.1011738582   0.1430385074  -0.0004445364   0.0003612772  -0.0004177460
        0.0015108919  -0.0009689976  -0.0013195070   0.0006536960  -0.0006329973
       -0.0011222379  -0.0003476106   0.0002656905  -0.0004233757  -0.0001081034
       -0.0000682653   0.0000720836   0.0000103029   0.0000230331  -0.0000949067
        0.0000257135   0.0000159747   0.0000550591  -0.0000891196  -0.0000144162
        0.0000478425
       -0.0004130105   0.0002559167  -0.0001100805   0.0000821720  -0.0004336905
        0.0000491098   0.0001463877  -0.0003555506   0.0002482931  -0.0003551937
        0.0008227653   0.0003882843   0.0057973942   0.0146866084  -0.0052924110
       -0.0003588262   0.0005450949  -0.0047879808  -0.0623904695  -0.0680423643
        0.0204576292  -0.0001569015   0.0005316462  -0.0003558090  -0.0003717863
        0.0002741356  -0.0002003686  -0.0089718919  -0.0243878114   0.0077771726
       -0.0029335354  -0.0034162550  -0.0042618536   0.0000023898  -0.0000084623
        0.0000432598   0.0002944911  -0.0001358259   0.0002513221   0.0000848635
        0.0008682200  -0.0004445364   0.0717428220   0.0796715911  -0.0161441140
       -0.0003579984   0.0003555169   0.0006207078   0.0000425031  -0.0000056978
        0.0015312109  -0.0005523123  -0.0012618910   0.0003749782  -0.0013361166
        0.0000636945  -0.0001281770   0.0000024713  -0.0000100732  -0.0000118608
        0.0000136280  -0.0000189510  -0.0000058737  -0.0000110805   0.0000013834
        0.0000010977
       -0.0008608454   0.0004655663  -0.0008469433   0.0000497122  -0.0000487805
        0.0000122502  -0.0000101578   0.0002520940  -0.0004281409  -0.0001693956
       -0.0010396930  -0.0013306996  -0.0029962288  -0.0176267623   0.0083661483
        0.0009173933   0.0002568731   0.0044826463  -0.0684907064  -0.2542071306
        0.0781366330  -0.0000196537  -0.0003710603   0.0006498422   0.0003454400
        0.0006441887  -0.0003058648  -0.0056349952  -0.0121492547   0.0038912052
       -0.0036869500   0.0016400107   0.0013426867  -0.0000058187   0.0000192085
        0.0000039555  -0.0002569623  -0.0001995099  -0.0001948261  -0.0002997318
       -0.0008511135   0.0003612772   0.0796715911   0.2832615839  -0.0928809468
        0.0003399424  -0.0002731326  -0.0006330862   0.0012033544   0.0002775582
       -0.0008958523  -0.0002036666  -0.0006678002   0.0002123660   0.0001263627
        0.0005987003   0.0000511358  -0.0000217389  -0.0000210213   0.0000110710
       -0.0000172420   0.0000081599  -0.0000062934   0.0000202971   0.0000313154
        0.0000014360
        0.0001142262  -0.0004230192   0.0001873438   0.0000604824  -0.0002422969
       -0.0000708517   0.0000543364  -0.0001482195  -0.0002743873   0.0016577162
       -0.0003785102  -0.0013414834   0.0039843096   0.0185633162  -0.0066917336
       -0.0051649950   0.0042386706   0.0025409352   0.0206888282   0.0774666884
       -0.0633197104   0.0002651402   0.0004511369   0.0002725344  -0.0001392007
       -0.0003497505  -0.0001593875  -0.0024252692  -0.0062719789   0.0029108955
       -0.0039878837   0.0016687614   0.0049272457  -0.0000255251  -0.0000429405
        0.0000017461  -0.0000771630  -0.0000013409   0.0000983439   0.0002316551
        0.0010204340  -0.0004177460  -0.0161441140  -0.0928809468   0.0634600000
        0.0006317188  -0.0006352294  -0.0011202510   0.0008564240  -0.0016132753
       -0.0013038508  -0.0001380662  -0.0003141140   0.0000368451  -0.0004668743
       -0.0000788617   0.0002618585   0.0000171716  -0.0000077664  -0.0000139499
        0.0000168768  -0.0000054545   0.0000011327  -0.0000097945  -0.0000153027
        0.0000144708
       -0.0003877428  -0.0005015067  -0.0000000949   0.0000187030   0.0000204287
       -0.0000423074  -0.0000676108   0.0000440363   0.0001204327  -0.0003784931
       -0.0007355598   0.0005342513  -0.0029333580  -0.0034182498  -0.0043183661
       -0.0094449134  -0.0246573318   0.0080236526  -0.0003751522   0.0003410292
       -0.0002970422   0.0003543190  -0.0003055957  -0.0003750220  -0.0628772562
       -0.0683907087   0.0216036585   0.0000556471   0.0007940306  -0.0048140308
        0.0046399658   0.0148883264  -0.0060300763  -0.0000454643   0.0000560188
        0.0000625195   0.0000587101  -0.0000086958   0.0000878315  -0.0000161822
       -0.0000071037   0.0015108919  -0.0003579984   0.0003399424   0.0006317188
        0.0715705552   0.0794065254  -0.0170941872   0.0001108321   0.0008207179
       -0.0003362704   0.0001303966   0.0013123382   0.0007430092  -0.0000374158
        0.0000061452  -0.0000313569  -0.0000043411  -0.0000121081   0.0000342523
       -0.0000252078  -0.0000023169  -0.0000149929   0.0000120072   0.0000096380
        0.0000015288
       -0.0002874518  -0.0004454865  -0.0000766897  -0.0000158645   0.0000824712
        0.0000319251  -0.0001569849  -0.0000295055   0.0002224656  -0.0000858803
       -0.0001944405   0.0004876887  -0.0039556697   0.0017452119   0.0015237963
       -0.0058819950  -0.0128117644   0.0040972981   0.0002988966   0.0007702061
       -0.0003423554   0.0004635814  -0.0002688691  -0.0004626534  -0.0685273888
       -0.2504075775   0.0805499668   0.0012403643   0.0005077046   0.0047208912
       -0.0040552150  -0.0166933399   0.0073326219  -0.0000112887   0.0000408757
        0.0000157727   0.0000307902  -0.0000071282   0.0000195302   0.0011701948
        0.0002294745  -0.0009689976   0.0003555169  -0.0002731326  -0.0006352294
        0.0794065254   0.2784782268  -0.0955174074  -0.0002012345  -0.0009799332
        0.0003739848   0.0001915230   0.0002135212  -0.0013598820   0.0000169568
        0.0000495629  -0.0000282821  -0.0000049480  -0.0000043269   0.0000312281
       -0.0000042458   0.0000051609  -0.0000185419   0.0000138175  -0.0000069115
        0.0000028693
        0.0000205115  -0.0000501277  -0.0000497400   0.0000293200   0.0000182936
       -0.0000534845   0.0000308479   0.0000125618  -0.0000354121  -0.0002265017
       -0.0003021248   0.0001030975  -0.0041350676   0.0017280538   0.0050820282
       -0.0023744634  -0.0064815295   0.0027918986  -0.0003398336  -0.0003778540
       -0.0001590177  -0.0000309045  -0.0000356273   0.0000445661   0.0216153670
        0.0807270512  -0.0667242475  -0.0050073937   0.0045171126   0.0025937817
        0.0044465847   0.0177943555  -0.0065308511   0.0000028445  -0.0000098513
        0.0000182012   0.0000484184   0.0000276664   0.0000397972   0.0008433777
       -0.0016272841  -0.0013195070   0.0006207078  -0.0006330862  -0.0011202510
       -0.0170941872  -0.0955174074   0.0670898773   0.0002200747   0.0009687887
       -0.0004635552   0.0013520344  -0.0007456003  -0.0013172393  -0.0000239561
       -0.0000176462   0.0000233502   0.0000033079   0.0000088019  -0.0000114134
       -0.0000032230   0.0000006716   0.0000054439   0.0000021342  -0.0000052184
       -0.0000073232
        0.0002271926  -0.0001600039   0.0000519603  -0.0000431269   0.0000980275
       -0.0000126828  -0.0001378324  -0.0000564995   0.0003109477  -0.0010403273
        0.0011895221  -0.0006386035  -0.0030101959  -0.0037389755  -0.0040013601
        0.0000390860  -0.0005894795   0.0004727761  -0.0184185157   0.0129931740
       -0.0176526406   0.0004587906  -0.0003307772  -0.0007043476   0.0020539686
       -0.0029199573  -0.0017744844  -0.1311521577   0.0784617942  -0.0963704587
        0.0042896388  -0.0033784941   0.0037575359  -0.0000145064   0.0000488821
        0.0000529348  -0.0002973047  -0.0001021686  -0.0000595139  -0.0003517125
        0.0003348120   0.0006536960   0.0000425031   0.0012033544   0.0008564240
        0.0001108321  -0.0002012345   0.0002200747   0.1470575133  -0.0829173869
        0.1132999464   0.0002227904   0.0000048135   0.0015508114  -0.0000410234
        0.0000820411  -0.0000132386  -0.0000005535   0.0000041183   0.0000081343
        0.0000046287  -0.0000080064  -0.0000063189   0.0000003123  -0.0000175560
       -0.0000015927
        0.0000620974   0.0000880862   0.0000211957   0.0000523304  -0.0000473623
       -0.0000077508   0.0000385509  -0.0000114818  -0.0000377838  -0.0003516466
        0.0001435401  -0.0003179813  -0.0035123531   0.0015848818   0.0016699165
       -0.0005861941  -0.0000806176  -0.0004057536  -0.0056293554   0.0051286210
       -0.0055782964  -0.0001101520   0.0000136118   0.0000237228  -0.0033395654
       -0.0033841652   0.0043602459   0.0784697723  -0.1137519402   0.0866117475
        0.0156682485  -0.0161188650   0.0178539899  -0.0000041711   0.0000170637
        0.0000182070  -0.0000726602  -0.0000506023  -0.0000455348   0.0003225230
       -0.0003076792  -0.0006329973  -0.0000056978   0.0002775582  -0.0016132753
        0.0008207179  -0.0009799332   0.0009687887  -0.0829173869   0.1274392897
       -0.1021204318   0.0011113567   0.0000194785  -0.0007716884  -0.0000102507
        0.0000195031  -0.0000034621  -0.0000045024  -0.0000087022   0.0000107805
       -0.0000029110  -0.0000040273  -0.0000021906   0.0000012496   0.0000137423
       -0.0000014482
        0.0000092617  -0.0001712518   0.0000318083  -0.0000703472   0.0000986676
       -0.0000301195  -0.0000881830  -0.0000381290   0.0001823803  -0.0002568965
        0.0006295084  -0.0002697777  -0.0044301180   0.0014284748   0.0050998368
        0.0004345111  -0.0004171678   0.0002558135  -0.0073425693   0.0048167688
       -0.0060998788   0.0003186420  -0.0001953451  -0.0003555351  -0.0015194049
        0.0046066392   0.0046812730  -0.0964623481   0.0864883770  -0.1349476994
       -0.0065518443   0.0073612078  -0.0068586293  -0.0000202984   0.0000316226
        0.0000417457  -0.0000860146   0.0000039755  -0.0000521188   0.0006273390
       -0.0006501828  -0.0011222379   0.0015312109  -0.0008958523  -0.0013038508
       -0.0003362704   0.0003739848  -0.0004635552   0.1132999464  -0.1021204318
        0.1424771026   0.0009441879  -0.0013820791  -0.0012664488  -0.0000099014
        0.0000504330  -0.0000023669   0.0000056518   0.0000023704   0.0000007599
        0.0000046078  -0.0000018809   0.0000002973  -0.0000011626  -0.0000197094
        0.0000012006
       -0.0000983295  -0.0001304476  -0.0000467602  -0.0001031796   0.0001212782
       -0.0000155672  -0.0001387528  -0.0000379874   0.0003085929  -0.0004829286
        0.0004656098   0.0006574227   0.0008404119   0.0005291954   0.0002251651
       -0.0001198544   0.0010382879  -0.0049744083   0.0018199422  -0.0033608120
       -0.0016034996   0.0003857310  -0.0002482531  -0.0004920375  -0.0182623804
       -0.0065052974  -0.0069797038  -0.0098690852  -0.0055881619  -0.0028096845
       -0.2424470171  -0.0878165731  -0.0684137692  -0.0000042193   0.0000378697
        0.0000424651   0.0001209135   0.0000018474   0.0000772334  -0.0009925560
       -0.0003672837  -0.0003476106  -0.0005523123  -0.0002036666  -0.0001380662
        0.0001303966   0.0001915230   0.0013520344   0.0002227904   0.0011113567
        0.0009441879   0.2695187404   0.1007339485   0.0822102925   0.0000216696
        0.0000489789  -0.0000008426  -0.0000013759   0.0000017220   0.0000073445
        0.0000074791  -0.0000023877  -0.0000082294   0.0000039164  -0.0000207471
        0.0000054405
       -0.0001743140  -0.0001371791  -0.0000811171  -0.0000003919  -0.0000590145
        0.0000557116  -0.0000524893   0.0000003431  -0.0000354838   0.0004516968
       -0.0001202148  -0.0004495020   0.0004126509  -0.0003618375   0.0004841800
        0.0008363062   0.0005985044   0.0043908127  -0.0030293892  -0.0033218022
        0.0044076107   0.0001880916   0.0000188220  -0.0000151435   0.0124378211
        0.0053171383   0.0043793209  -0.0246890549  -0.0118262787  -0.0069568112
       -0.0877814822  -0.0786410803  -0.0247657747  -0.0000056755   0.0000125661
       -0.0000063999  -0.0000977704  -0.0000115525  -0.0000769806   0.0006603491
        0.0001508351   0.0002656905  -0.0012618910  -0.0006678002  -0.0003141140
        0.0013123382   0.0002135212  -0.0007456003   0.0000048135   0.0000194785
       -0.0013820791   0.1007339485   0.0887922771   0.0208550460   0.0000540807
        0.0000344662  -0.0000056149  -0.0000000396  -0.0000087218   0.0000020024
       -0.0000007942  -0.0000017075  -0.0000060095   0.0000011956  -0.0000007631
        0.0000002559
       -0.0000668666  -0.0001610479   0.0000100548  -0.0000289021  -0.0001251163
        0.0000169055   0.0000097645   0.0000172934  -0.0001489710   0.0008338199
       -0.0004520999  -0.0008574461   0.0000625213   0.0003893903  -0.0001185021
       -0.0048262276   0.0046132255   0.0025543031  -0.0016339397   0.0042553733
        0.0047150655   0.0001602648   0.0001692295   0.0001159820  -0.0174289900
       -0.0061889152  -0.0057376873   0.0075197952   0.0035740460   0.0028666012
       -0.0683692636  -0.0247645196  -0.0588220085  -0.0000263705  -0.0000102074
        0.0000070865  -0.0001391685   0.0000848743  -0.0000748156  -0.0009521363
       -0.0003264960  -0.0004233757   0.0003749782   0.0002123660   0.0000368451
        0.0007430092  -0.0013598820  -0.0013172393   0.0015508114  -0.0007716884
       -0.0012664488   0.0822102925   0.0208550460   0.0584458972  -0.0000020837
        0.0000051711   0.0000180087   0.0000079930  -0.0000059506  -0.0000203896
        0.0000044501   0.0000012048  -0.0000005749  -0.0000037515  -0.0000112968
        0.0000007089
       -0.1214186176  -0.0296822852   0.1830767115   0.0006370677  -0.0024032825
        0.0007988437  -0.0001829136  -0.0045586546  -0.0024369877  -0.0027341130
       -0.0081989696   0.0018586611  -0.0004892109  -0.0012853596   0.0008795715
       -0.0002648472  -0.0002039336  -0.0001291604   0.0003174134  -0.0003518933
        0.0002488304   0.0024103212   0.0060667426  -0.0018517176   0.0000419007
       -0.0001677153   0.0000125644  -0.0000137524   0.0002246718  -0.0002073939
       -0.0000053098   0.0001069502  -0.0000599205  -0.0000745321  -0.0000422604
        0.0002550891  -0.0004501478   0.0028165264  -0.0018980938  -0.0000213103
        0.0001067956  -0.0001081034  -0.0013361166   0.0001263627  -0.0004668743
       -0.0000374158   0.0000169568  -0.0000239561  -0.0000410234  -0.0000102507
       -0.0000099014   0.0000216696   0.0000540807  -0.0000020837   0.1236788481
        0.0372098018  -0.1798764291  -0.0000291008   0.0000140855  -0.0000463179
        0.0000408208   0.0000170186  -0.0000170652  -0.0000496303   0.0001446120
        0.0000037333
       -0.0162754649  -0.0441586429   0.0219048760  -0.0007415264   0.0029003850
       -0.0007663349  -0.0010224694   0.0038574664  -0.0006096988  -0.0168315702
       -0.0119594338   0.0302093627  -0.0010992697  -0.0021809192   0.0006907417
       -0.0002581851  -0.0003788438  -0.0001436268   0.0005922314   0.0001950744
       -0.0000007135  -0.0005728355  -0.0082793696   0.0047790216  -0.0000594408
       -0.0001820866   0.0000486971  -0.0000815224  -0.0000028398   0.0000107219
        0.0000079990  -0.0000042251   0.0000121212  -0.0000401182   0.0001337033
       -0.0000778430  -0.0009927109  -0.0041083814   0.0012241168  -0.0000542835
        0.0000906243  -0.0000682653   0.0000636945   0.0005987003  -0.0000788617
        0.0000061452   0.0000495629  -0.0000176462   0.0000820411   0.0000195031
        0.0000504330   0.0000489789   0.0000344662   0.0000051711   0.0372098018
        0.0634487982  -0.0571949598  -0.0000135703   0.0000035384   0.0000603253
       -0.0000593046   0.0000515985  -0.0000203407   0.0000913800  -0.0001286789
       -0.0000172977
        0.1818158605   0.0423272140  -0.2740556388  -0.0003022513   0.0022193840
       -0.0007295984  -0.0036030318   0.0039091156   0.0002186625   0.0003103135
        0.0121923307  -0.0031872765  -0.0003322517  -0.0011367619  -0.0005986137
       -0.0002243711   0.0000910949  -0.0001545808  -0.0001747197  -0.0002756910
       -0.0001728568   0.0016428167  -0.0042557383   0.0028438624  -0.0000752103
       -0.0000001661   0.0000714804  -0.0000904592  -0.0000406141   0.0000316604
       -0.0000118877   0.0000312614  -0.0000085938   0.0002520504  -0.0000441888
       -0.0002742542   0.0007535280   0.0024897548  -0.0012115236   0.0000443747
       -0.0000771152   0.0000720836  -0.0001281770   0.0000511358   0.0002618585
       -0.0000313569  -0.0000282821   0.0000233502  -0.0000132386  -0.0000034621
       -0.0000023669  -0.0000008426  -0.0000056149   0.0000180087  -0.1798764291
       -0.0571949598   0.2767813403  -0.0000342224  -0.0000655617   0.0000388043
        0.0000144470  -0.0000490608  -0.0000500770   0.0000650587  -0.0001340745
        0.0000842692
       -0.0000074836   0.0000374305   0.0000060674   0.0086411337   0.0143979977
        0.0175694652   0.0007244184   0.0003294064  -0.0000490553  -0.0008509183
        0.0001395772  -0.0004943156  -0.0000439758   0.0001171223   0.0001260147
       -0.0000210348   0.0000128587   0.0000498111  -0.0000130218   0.0000040361
       -0.0000225142  -0.0001886989   0.0001878807   0.0020111146  -0.0000169440
       -0.0000325673  -0.0000389583  -0.0000068933  -0.0000069196  -0.0000321386
       -0.0000267456  -0.0000098813  -0.0000147818  -0.1122642367  -0.0645975596
       -0.0945854904   0.0000528304  -0.0000137958  -0.0000999337   0.0000276150
        0.0000416794   0.0000103029   0.0000024713  -0.0000217389   0.0000171716
       -0.0000043411  -0.0000049480   0.0000033079  -0.0000005535  -0.0000045024
        0.0000056518  -0.0000013759  -0.0000000396   0.0000079930  -0.0000291008
       -0.0000135703  -0.0000342224   0.1252086425   0.0669178898   0.1004604634
       -0.0073768666  -0.0054508401  -0.0101321584  -0.0138049207  -0.0120295160
       -0.0147637948
       -0.0000026032  -0.0000415906   0.0001208517  -0.0015176517  -0.0167329164
       -0.0199285264  -0.0004744970   0.0008355572   0.0007037264   0.0007423097
        0.0000210529   0.0004461452   0.0001242858  -0.0001336506  -0.0001488223
       -0.0000066489   0.0000386940  -0.0000227916   0.0000159455   0.0000091088
        0.0000157491   0.0001799004   0.0000551161  -0.0035634979   0.0000206503
        0.0000378755   0.0000191462   0.0000180208   0.0000090243   0.0000486954
        0.0000266088   0.0000088575   0.0000084496  -0.0612070987  -0.0931422114
       -0.0739981709  -0.0001044185   0.0000415441   0.0001868729  -0.0000172144
       -0.0000381109   0.0000230331  -0.0000100732  -0.0000210213  -0.0000077664
       -0.0000121081  -0.0000043269   0.0000088019   0.0000041183  -0.0000087022
        0.0000023704   0.0000017220  -0.0000087218  -0.0000059506   0.0000140855
        0.0000035384  -0.0000655617   0.0669178898   0.1102400306   0.0954929301
        0.0099454570   0.0087963740   0.0131354161  -0.0146586804  -0.0099655213
       -0.0124711003
        0.0000358606  -0.0000697147   0.0000317548   0.0023969964  -0.0188853763
       -0.0170445242  -0.0007537583  -0.0002988123  -0.0002890606   0.0008149142
        0.0002068560   0.0002959101   0.0000043183  -0.0002399193  -0.0001715657
        0.0000713213  -0.0000221829   0.0001136523   0.0000431205   0.0000554041
       -0.0000413881  -0.0005812482   0.0014159360  -0.0014122428  -0.0000100195
        0.0000186425   0.0000420481   0.0000002785   0.0000161201   0.0000180538
        0.0000221685  -0.0000006393   0.0000012145  -0.0923253166  -0.0751213329
       -0.1542159463  -0.0001007798   0.0000183861   0.0001285741  -0.0000377335
       -0.0000680664  -0.0000949067  -0.0000118608   0.0000110710  -0.0000139499
        0.0000342523   0.0000312281  -0.0000114134   0.0000081343   0.0000107805
        0.0000007599   0.0000073445   0.0000020024  -0.0000203896  -0.0000463179
        0.0000603253   0.0000388043   0.1004604634   0.0954929301   0.1810682805
       -0.0151297813  -0.0076512091  -0.0165315461   0.0050976431   0.0050175709
        0.0081078811
       -0.0002039677   0.0003498984   0.0001362940  -0.0120555400   0.0207412729
       -0.0074184901   0.0005354998  -0.0009539143  -0.0005715834   0.0004335337
        0.0006996221   0.0001386520   0.0002849791   0.0000135834   0.0000196707
       -0.0000404956   0.0000271580  -0.0001086628  -0.0000134794  -0.0000399109
        0.0000164975  -0.0039768591   0.0005453830   0.0019717132   0.0000276650
       -0.0000086184   0.0000099802  -0.0000043840  -0.0000144708   0.0000147955
        0.0000090622  -0.0000107142   0.0000124054  -0.0776991743   0.0593405798
       -0.0647881696  -0.0000287967   0.0000352440  -0.0000082521  -0.0000787014
        0.0000985790   0.0000257135   0.0000136280  -0.0000172420   0.0000168768
       -0.0000252078  -0.0000042458  -0.0000032230   0.0000046287  -0.0000029110
        0.0000046078   0.0000074791  -0.0000007942   0.0000044501   0.0000408208
       -0.0000593046   0.0000144470  -0.0073768666   0.0099454570  -0.0151297813
        0.0917858613  -0.0777073864   0.0727886163   0.0083603150  -0.0129772649
        0.0128534422
        0.0001486135  -0.0003324058  -0.0001396376   0.0127953621  -0.0187102402
        0.0069458601   0.0003331984   0.0007918588  -0.0007532025  -0.0003981284
       -0.0006456888   0.0000791743  -0.0001907973   0.0000638432   0.0000317463
       -0.0000156334  -0.0000214380   0.0000116256  -0.0000162998  -0.0000086581
       -0.0000018191   0.0043184862  -0.0028304276  -0.0003980262   0.0000133088
        0.0000106017  -0.0000097657   0.0000018420  -0.0000050397  -0.0000169172
       -0.0000023319   0.0000066992  -0.0000079687   0.0604166925  -0.1405386434
        0.1036933826   0.0000472951  -0.0000108511   0.0000199541   0.0000443195
       -0.0000101595   0.0000159747  -0.0000189510   0.0000081599  -0.0000054545
       -0.0000023169   0.0000051609   0.0000006716  -0.0000080064  -0.0000040273
       -0.0000018809  -0.0000023877  -0.0000017075   0.0000012048   0.0000170186
        0.0000515985  -0.0000490608  -0.0054508401   0.0087963740  -0.0076512091
       -0.0777073864   0.1662203633  -0.1167767529   0.0056769427  -0.0128353725
        0.0150121011
        0.0001525031  -0.0003636551  -0.0000613945   0.0082769310  -0.0130443078
        0.0107492406  -0.0006342612  -0.0000336398   0.0011675169  -0.0001878813
       -0.0007168870  -0.0000583647  -0.0001504246   0.0000029290  -0.0000258895
       -0.0000097183   0.0000028177  -0.0000307431  -0.0000048907   0.0000024538
       -0.0000035277   0.0032237524  -0.0006786085  -0.0023798465   0.0000065962
        0.0000215469  -0.0000025437   0.0000299034   0.0000021695   0.0000056444
        0.0000123714   0.0000073623   0.0000069855  -0.0687085799   0.1092846504
       -0.1498238486   0.0000112336   0.0000065935   0.0000823220   0.0000287742
       -0.0000464733   0.0000550591  -0.0000058737  -0.0000062934   0.0000011327
       -0.0000149929  -0.0000185419   0.0000054439  -0.0000063189  -0.0000021906
        0.0000002973  -0.0000082294  -0.0000060095  -0.0000005749  -0.0000170652
       -0.0000203407  -0.0000500770  -0.0101321584   0.0131354161  -0.0165315461
        0.0727886163  -0.1167767529   0.1659720827  -0.0046502871   0.0092477613
       -0.0090773688
        0.0001018059  -0.0001216809  -0.0001411582  -0.0246173953  -0.0019887855
        0.0182042422   0.0003219523   0.0003631578  -0.0018239223   0.0003813232
       -0.0001668865   0.0001159680   0.0000922191  -0.0000712444  -0.0000093195
       -0.0000216159  -0.0000340667   0.0000806068   0.0000451431  -0.0000076549
        0.0000067281   0.0000304095  -0.0020222425   0.0021099168   0.0000001226
        0.0000312245  -0.0000037289  -0.0000358759  -0.0000171584  -0.0000068645
       -0.0000076938   0.0000273318  -0.0000314728  -0.1523342647  -0.0960035065
        0.0655935222  -0.0000033387  -0.0000902326  -0.0001334649   0.0000630128
        0.0000676879  -0.0000891196  -0.0000110805   0.0000202971  -0.0000097945
        0.0000120072   0.0000138175   0.0000021342   0.0000003123   0.0000012496
       -0.0000011626   0.0000039164   0.0000011956  -0.0000037515  -0.0000496303
        0.0000913800   0.0000650587  -0.0138049207  -0.0146586804   0.0050976431
        0.0083603150   0.0056769427  -0.0046502871   0.1814732761   0.1088878549
       -0.0843717737
       -0.0000647166   0.0001887061   0.0000672811   0.0160805492   0.0077782622
       -0.0094527954  -0.0003229120  -0.0001149815  -0.0001068871  -0.0007156933
       -0.0002301882  -0.0000012556  -0.0000643623   0.0000884849   0.0001036583
        0.0000316763  -0.0000458466   0.0000105606  -0.0000596515  -0.0000239884
       -0.0000148938   0.0022880194   0.0010884053  -0.0013153248   0.0000344261
        0.0000202776  -0.0000005277   0.0000327430  -0.0000033142  -0.0000080616
        0.0000210874  -0.0000284807   0.0000247674  -0.1012536037  -0.1262509284
        0.0610578380   0.0000287339   0.0000144848   0.0000529053  -0.0000347002
       -0.0000565822  -0.0000144162   0.0000013834   0.0000313154  -0.0000153027
        0.0000096380  -0.0000069115  -0.0000052184  -0.0000175560   0.0000137423
       -0.0000197094  -0.0000207471  -0.0000007631  -0.0000112968   0.0001446120
       -0.0001286789  -0.0001340745  -0.0120295160  -0.0099655213   0.0050175709
       -0.0129772649  -0.0128353725   0.0092477613   0.1088878549   0.1404678790
       -0.0644825788
       -0.0000843475   0.0001135591  -0.0000000748   0.0222590380   0.0034095344
       -0.0147690175  -0.0006544155   0.0002878996  -0.0007688618   0.0000368128
        0.0000481930  -0.0001859791  -0.0001101559   0.0000523684  -0.0000009121
        0.0000315470  -0.0000073677  -0.0000565705  -0.0000560514  -0.0000096273
       -0.0000297949  -0.0002028077   0.0002161968   0.0019171979   0.0000054808
       -0.0000258432   0.0000093784   0.0000234394   0.0000001112  -0.0000079889
        0.0000191965  -0.0000238897   0.0000271336   0.0650448523   0.0578596241
       -0.0822459966   0.0000296154   0.0000709741   0.0000643005  -0.0000702858
       -0.0000359698   0.0000478425   0.0000010977   0.0000014360   0.0000144708
        0.0000015288   0.0000028693  -0.0000073232  -0.0000015927  -0.0000014482
        0.0000012006   0.0000054405   0.0000002559   0.0000007089   0.0000037333
       -0.0000172977   0.0000842692  -0.0147637948  -0.0124711003   0.0081078811
        0.0128534422   0.0150121011  -0.0090773688  -0.0843717737  -0.0644825788
        0.0968755046
