           2           3  0.17336061614746825     
           1           4   1.0098321513659356     
           4           5  0.94904402169582147     
           5           6   1.4056887927260293     
           5           7   1.4211002643655224     
           2           8   1.1984036654121770     
           3           8   1.6775272072479064     
           4           8  0.93543617628586206     
           6           9   1.4509421267255613     
           7           9  0.11021349999048641     
           6          10  0.11276443070755918     
           7          10   1.4357435700196102     
           5          11  0.10842005390466466     
           9          11   1.4322652660475297     
          10          11   1.4450694943688212     
           2          12  0.92342541477709827     
           4          13  0.93968101259207337     
           6          14  0.96748490837640433     
           7          15  0.96646698695133071     
           9          16  0.96935670316085576     
          10          17  0.96964143283295190     
          11          18  0.96991851187829492     
           1          19  0.84614575537421732     
          12          20  0.97150558149542565     
          12          21  0.97334817583588129     
          12          22  0.97658499289195300     
